0.000 0.000 0.000 
0.000 0.000 0.000 
0.000 0.000 0.000 
0.000 0.000 0.000 
0.000 0.000 0.000 
0.000 0.000 0.000 
0.000 0.000 0.000 
0.000 0.000 0.000 
0.000 0.000 0.000 
0.000 0.000 0.000 
0.000 0.000 0.000 
-21.437 171.938 1308.482 
-21.323 171.283 1306.115 
-21.030 173.370 1304.577 
-22.445 172.748 1301.892 
-15.492 184.032 1299.742 
-17.212 184.204 1301.062 
1.428 204.019 1307.844 
-3.887 205.257 1307.218 
-9.319 210.226 1302.901 
-15.116 216.739 1302.384 
-25.807 223.652 1298.651 
-38.617 235.106 1290.843 
-52.026 235.226 1279.921 
-74.302 197.240 1270.807 
-78.892 216.727 1265.751 
-87.136 211.426 1259.599 
-89.343 208.752 1252.966 
-93.763 198.407 1245.048 
-95.948 186.110 1236.245 
-98.058 156.691 1231.117 
-96.395 121.578 1218.599 
-87.629 69.020 1215.155 
-79.609 33.955 1199.461 
-68.051 -4.044 1180.077 
-56.731 -36.368 1149.236 
-43.627 -75.176 1128.976 
-38.574 -104.041 1122.444 
-30.060 -122.788 1090.958 
-20.840 -134.883 1151.803 
-15.159 -179.577 1165.315 
-2.552 -143.252 1155.247 
-12.417 -164.833 1170.078 
-21.670 -144.629 1150.118 
-6.133 -153.599 1155.902 
-17.235 -142.226 1152.616 
-14.182 -153.189 1155.936 
-17.724 -154.535 1157.224 
-17.719 -158.604 1160.180 
-17.353 -156.821 1160.475 
-9.901 -154.865 1158.932 
7.067 -198.487 1177.703 
7.849 -200.418 1179.283 
0.364 -150.778 1159.999 
5.970 -158.842 1161.551 
-31.693 -242.306 1236.935 
-32.168 -238.976 1234.389 
-30.139 -240.832 1242.417 
-25.555 -214.336 1221.183 
-36.400 -245.170 1240.494 
3.178 -219.087 1201.776 
3.291 -218.299 1204.114 
-36.144 -247.765 1239.906 
1.484 -217.629 1209.242 
2.265 -215.695 1234.631 
2.538 -214.094 1237.281 
9.301 -201.911 1239.413 
-32.915 -241.207 1246.796 
6.278 -201.827 1242.111 
2.263 -206.946 1239.231 
-37.734 -207.164 1233.883 
-35.861 -192.281 1226.920 
-35.778 -175.080 1219.971 
-42.375 -177.160 1230.936 
-47.056 -167.903 1235.505 
-58.139 -183.934 1243.848 
-39.140 -89.933 1187.879 
-57.951 -167.074 1244.050 
-32.821 -32.502 1162.524 
-27.496 -0.731 1153.810 
-27.982 18.214 1151.594 
-30.460 26.908 1160.247 
-32.281 39.559 1160.563 
-33.194 47.272 1164.827 
-33.296 58.182 1171.974 
-34.428 61.169 1176.353 
-31.902 73.599 1176.096 
-57.149 -4.645 1205.499 
-33.550 73.054 1181.807 
-31.220 76.324 1179.105 
-33.032 79.377 1179.097 
-57.458 -1.634 1203.761 
-58.707 -6.587 1202.364 
-34.406 69.441 1173.300 
-35.126 67.351 1169.654 
-35.246 65.216 1167.904 
-34.361 71.415 1162.715 
-35.132 69.734 1165.119 
-36.318 67.363 1156.731 
-35.278 75.461 1153.099 
-37.777 76.849 1150.339 
-34.009 84.794 1154.803 
-37.013 84.770 1153.266 
-37.755 82.201 1152.049 
-38.475 86.726 1151.272 
-38.267 84.731 1150.925 
-35.507 84.817 1150.871 
-37.651 86.154 1156.699 
-42.673 64.889 1157.686 
-38.380 77.477 1164.137 
-39.152 75.350 1165.765 
-38.530 82.870 1163.260 
-40.497 79.949 1164.109 
-41.369 71.062 1169.870 
-41.522 70.144 1169.363 
-45.400 67.780 1168.313 
-40.161 71.325 1165.526 
-40.913 70.964 1168.608 
-40.449 72.937 1167.832 
-40.396 73.581 1168.626 
-40.193 76.396 1166.964 
-39.829 78.173 1165.378 
-35.972 82.744 1161.921 
-40.061 81.961 1163.421 
-39.629 78.038 1162.293 
-38.953 76.642 1157.225 
-43.519 65.415 1159.330 
-38.847 60.162 1166.892 
-40.596 59.123 1169.203 
-38.361 74.631 1163.908 
-37.697 75.252 1164.101 
-38.621 77.406 1167.098 
-37.636 74.440 1165.160 
-36.858 66.243 1165.312 
-36.414 59.950 1161.822 
-37.229 67.569 1157.319 
-36.855 73.117 1151.321 
-36.804 79.230 1147.754 
-38.100 71.094 1154.332 
-39.099 66.423 1145.363 
-34.687 70.878 1161.188 
-35.943 73.866 1155.094 
-34.929 67.661 1162.864 
-36.401 55.325 1170.504 
-20.943 -16.531 1178.184 
-20.691 -17.530 1181.837 
-20.022 -24.583 1178.008 
-21.090 -22.353 1179.767 
-36.644 58.367 1162.865 
-35.387 64.130 1159.803 
-29.669 90.559 1106.565 
-36.586 63.991 1157.930 
-36.084 66.373 1152.922 
-38.935 67.428 1156.837 
-38.467 66.231 1157.606 
-38.330 66.255 1157.690 
-35.822 65.199 1158.902 
-38.344 63.385 1161.264 
-37.840 63.408 1159.305 
-35.589 62.974 1159.501 
-36.676 60.160 1156.016 
-39.358 58.911 1140.531 
-35.161 67.476 1151.591 
-34.060 64.959 1146.208 
-34.990 61.192 1143.368 
-36.119 56.526 1143.253 
-38.927 55.457 1139.149 
-34.583 48.368 1132.647 
-35.854 42.472 1133.746 
-37.579 29.931 1128.684 
-41.309 28.563 1123.935 
-36.749 24.733 1138.086 
-39.052 7.834 1139.906 
-34.283 9.507 1132.905 
-33.411 1.734 1130.446 
-31.453 -6.216 1121.652 
-30.926 -16.425 1119.497 
-31.115 -32.842 1116.973 
-31.597 -55.538 1139.188 
-50.661 -125.007 1177.437 
-14.006 -77.995 1120.804 
-50.076 -166.927 1211.765 
-45.040 -167.126 1208.106 
-47.347 -183.828 1210.368 
-41.433 -190.315 1219.797 
-35.759 -187.614 1215.767 
-32.039 -186.006 1202.252 
-42.802 -205.494 1212.415 
-13.681 -169.036 1210.618 
-42.072 -209.396 1210.739 
-12.131 -168.089 1214.766 
-32.734 -206.333 1210.881 
-45.395 -211.902 1209.724 
-4.873 -173.539 1215.844 
-30.982 -206.406 1203.489 
-36.997 -210.583 1209.180 
-41.385 -213.063 1210.923 
-36.674 -209.146 1214.968 
-10.498 -157.081 1163.515 
-2.896 -191.183 1214.807 
-42.242 -218.437 1215.727 
-36.479 -217.176 1210.284 
-0.875 -192.395 1237.711 
-34.194 -200.901 1208.970 
-39.527 -215.293 1224.185 
-41.174 -218.072 1218.787 
-36.511 -213.548 1226.347 
-29.408 -201.880 1215.954 
-31.249 -204.976 1210.226 
-32.773 -210.457 1208.581 
-34.984 -215.884 1226.433 
3.011 -195.259 1227.264 
-33.350 -209.440 1213.773 
-33.437 -209.522 1219.019 
-39.831 -210.816 1207.354 
-1.893 -204.752 1183.977 
0.169 -205.230 1192.995 
1.944 -202.427 1197.930 
1.286 -200.428 1204.354 
1.231 -200.897 1205.650 
-35.247 -209.275 1210.609 
-36.675 -206.896 1214.726 
-32.809 -192.786 1205.332 
-0.781 -172.120 1222.350 
-0.737 -174.483 1219.355 
-34.905 -192.094 1200.461 
2.152 -174.767 1223.750 
-31.666 -200.090 1207.562 
3.321 -180.844 1216.148 
-32.871 -210.365 1216.321 
-31.971 -207.718 1216.352 
2.056 -183.114 1218.793 
-37.777 -205.734 1211.521 
14.466 -177.647 1226.163 
16.364 -173.847 1229.621 
-34.698 -204.136 1206.140 
10.624 -175.036 1227.539 
8.554 -169.727 1229.615 
-34.949 -212.643 1218.998 
13.856 -153.381 1249.474 
-34.611 -204.392 1210.450 
-29.013 -195.316 1222.503 
10.424 -165.684 1233.862 
9.724 -167.989 1230.123 
11.227 -169.747 1232.582 
-41.305 -210.788 1216.315 
-32.792 -204.783 1208.061 
-33.077 -209.313 1217.850 
9.933 -166.372 1221.035 
7.864 -170.040 1211.811 
3.490 -185.345 1221.221 
-37.547 -219.857 1223.853 
-37.379 -217.682 1220.812 
-37.477 -221.321 1222.985 
-38.015 -219.034 1223.880 
-30.695 -197.920 1200.524 
-35.065 -219.803 1225.753 
-36.946 -217.923 1222.853 
-31.403 -206.579 1212.002 
-33.118 -208.932 1215.473 
-30.224 -210.238 1215.170 
-27.257 -206.348 1209.389 
-34.026 -219.599 1228.675 
-31.935 -215.460 1223.366 
-32.576 -212.292 1213.180 
-14.239 -119.055 1127.126 
-27.693 -197.491 1197.120 
-26.891 -183.940 1185.394 
-28.293 -180.763 1189.914 
-34.918 -206.259 1222.638 
-35.872 -193.407 1218.931 
-37.011 -191.837 1217.647 
-28.822 -145.914 1180.940 
2.084 -63.176 1127.096 
11.953 -57.177 1127.705 
5.364 -43.364 1130.675 
-28.877 -49.790 1095.684 
-1.908 -47.571 1096.636 
-28.171 -56.412 1151.517 
-24.883 -36.209 1135.430 
-19.428 -10.255 1124.902 
-19.646 3.057 1127.323 
-22.397 5.178 1125.947 
-22.385 12.876 1119.165 
-25.718 12.395 1117.630 
-22.480 22.506 1130.708 
-26.141 17.423 1139.230 
-26.884 20.824 1149.552 
-30.398 16.234 1142.708 
-22.610 51.251 1130.990 
-20.690 42.355 1149.366 
-29.634 50.857 1125.372 
-30.533 44.670 1128.467 
-27.681 50.291 1124.838 
-29.126 47.466 1130.657 
-26.751 42.583 1133.056 
-29.383 36.595 1141.478 
-24.990 48.646 1139.314 
-19.836 -25.787 1183.506 
-26.188 40.251 1146.111 
-27.618 42.083 1146.715 
-29.229 42.161 1145.315 
-27.980 39.028 1147.329 
-25.954 40.303 1145.142 
-28.669 38.651 1147.698 
-30.750 32.110 1143.321 
-29.560 32.275 1140.190 
-29.355 30.990 1141.315 
-26.882 34.938 1142.989 
-29.448 33.346 1135.481 
-27.211 41.765 1131.028 
-25.194 40.095 1137.946 
-27.616 44.719 1126.187 
-24.186 41.193 1136.286 
-21.469 29.439 1146.875 
-20.028 29.124 1146.184 
-20.988 46.515 1142.361 
-28.326 25.477 1141.319 
-28.016 39.039 1135.705 
-21.686 19.588 1153.196 
-29.473 34.165 1125.782 
-20.603 22.911 1155.569 
-20.156 28.114 1149.143 
0.123 -20.936 1124.766 
-25.192 40.088 1137.155 
-27.618 42.776 1132.906 
-26.194 37.430 1137.660 
-18.864 22.643 1154.473 
-26.106 38.399 1135.652 
-26.879 39.528 1131.582 
-21.251 25.864 1153.591 
-22.534 28.782 1143.240 
-21.140 29.234 1147.849 
-24.999 45.939 1127.416 
-19.545 28.594 1141.235 
-19.637 29.939 1147.897 
-20.243 42.622 1148.297 
-26.212 39.412 1132.574 
-24.565 30.568 1134.001 
-17.073 23.950 1143.151 
-25.158 19.716 1141.703 
-16.300 28.787 1147.784 
-17.571 26.567 1139.547 
-27.733 41.585 1119.494 
-23.951 19.917 1132.360 
-22.972 39.285 1117.384 
-26.830 39.490 1116.117 
-25.046 25.103 1130.634 
-26.707 36.302 1118.580 
-21.820 15.977 1141.758 
-18.267 22.228 1135.230 
-27.375 34.816 1118.889 
-23.862 32.085 1123.223 
-23.302 28.441 1124.425 
-22.562 20.236 1135.687 
-24.938 28.719 1125.212 
-25.564 28.486 1120.924 
-21.110 16.365 1132.760 
-24.668 31.612 1120.629 
-25.677 29.961 1115.316 
-27.441 23.809 1119.308 
-19.420 32.208 1114.996 
-20.412 12.983 1122.292 
-23.837 14.301 1116.560 
-20.449 14.166 1114.492 
-20.353 8.918 1119.652 
-16.077 4.603 1112.832 
-16.207 -1.358 1125.322 
-15.300 -6.436 1111.735 
-13.128 -16.358 1117.854 
-9.691 -20.347 1105.026 
-17.847 -26.045 1098.916 
6.507 -67.406 1078.267 
-5.615 -50.853 1091.903 
-6.184 -110.271 1114.552 
-4.147 -109.391 1101.697 
-7.319 -76.276 1091.460 
-30.755 -158.773 1162.948 
-25.481 -164.620 1179.824 
-22.418 -176.179 1185.740 
1.568 -183.255 1203.959 
-22.683 -184.526 1184.179 
-30.484 -192.178 1185.974 
-27.220 -200.135 1189.672 
-29.003 -210.593 1203.506 
-31.867 -265.025 1313.193 
-24.653 -216.393 1216.404 
-26.123 -214.739 1207.522 
-31.094 -243.615 1265.434 
-27.018 -219.296 1218.739 
-24.918 -213.031 1204.506 
-24.306 -209.950 1199.237 
-26.007 -212.107 1203.740 
-16.726 -237.540 1184.232 
-6.231 -226.201 1164.194 
-3.340 -219.344 1161.584 
0.859 -158.361 1145.442 
-29.269 -233.610 1237.505 
-30.103 -227.061 1222.656 
-28.946 -234.053 1237.345 
-30.985 -239.355 1246.683 
-27.604 -237.162 1246.451 
-29.201 -234.985 1243.295 
-29.854 -237.127 1247.891 
-28.491 -234.500 1241.709 
-14.342 -219.297 1259.609 
-18.709 -214.896 1262.873 
-30.901 -199.394 1255.582 
-24.160 -223.923 1208.627 
-26.959 -222.907 1211.854 
-25.037 -219.913 1212.501 
11.764 -149.354 1251.208 
10.573 -155.969 1254.322 
10.509 -161.625 1261.915 
-21.678 -237.666 1267.437 
-26.381 -217.022 1207.374 
-25.707 -246.994 1269.870 
-26.876 -247.501 1273.457 
-28.783 -253.722 1324.752 
-28.511 -245.512 1269.258 
-22.079 -252.228 1291.145 
-29.530 -218.362 1210.528 
-29.650 -241.729 1269.111 
-27.033 -227.637 1236.520 
2.355 -133.896 1130.040 
-24.157 -213.209 1197.317 
4.600 -237.383 1161.644 
-14.709 -233.888 1324.552 
-22.055 -205.839 1199.996 
-9.903 -205.314 1280.077 
-3.563 -194.331 1267.669 
0.751 -185.976 1270.197 
3.022 -181.389 1272.380 
3.894 -180.400 1267.494 
3.654 -178.583 1267.232 
-0.216 -182.372 1268.865 
-12.154 -192.936 1259.919 
-5.332 -189.169 1260.849 
-7.199 -189.562 1258.576 
-26.697 -215.676 1212.484 
-2.531 -243.030 1188.861 
2.989 -240.114 1175.083 
-15.178 -199.061 1188.548 
-22.593 -203.767 1201.027 
-21.562 -206.953 1196.360 
-7.087 -243.917 1187.080 
-23.031 -210.842 1211.372 
-33.094 -221.306 1217.112 
-29.482 -223.403 1221.032 
-28.429 -227.788 1235.352 
-23.249 -231.267 1243.425 
-22.414 -238.475 1256.417 
-23.975 -234.798 1251.555 
-16.706 -226.615 1277.812 
-13.875 -221.111 1277.643 
-23.115 -216.256 1207.459 
-26.454 -217.284 1197.795 
-30.394 -218.794 1208.197 
-29.491 -222.875 1220.355 
-20.798 -214.365 1214.388 
-25.941 -223.110 1226.272 
-30.998 -232.013 1231.265 
-22.712 -224.020 1228.053 
23.328 -160.716 1232.459 
21.412 -190.981 1156.544 
-21.245 -200.969 1193.649 
-24.791 -200.850 1209.835 
-27.925 -212.962 1237.878 
3.077 -213.493 1237.658 
-28.647 -200.450 1234.234 
-31.352 -197.557 1235.665 
10.395 -99.648 1092.569 
-12.067 -80.606 1071.022 
-12.194 -67.596 1085.619 
-11.726 -37.633 1079.046 
-11.695 -30.736 1071.261 
-10.369 -19.876 1081.346 
-16.775 -1.318 1084.825 
-18.387 5.888 1094.847 
-19.329 7.538 1098.952 
-20.696 14.041 1108.426 
-23.659 16.946 1122.520 
-22.251 31.495 1119.167 
-22.417 39.976 1125.468 
-24.543 46.248 1124.156 
-24.130 49.140 1128.262 
-24.439 55.103 1126.171 
-3.936 -23.774 1127.612 
-26.563 45.804 1141.588 
-50.631 -17.323 1192.728 
-34.451 -15.049 1193.336 
-27.394 34.132 1159.819 
-33.943 -12.978 1192.140 
-17.775 9.462 1179.014 
-25.656 50.478 1141.599 
-10.994 -18.728 1144.774 
-26.249 57.873 1141.702 
-26.527 55.325 1141.806 
-24.840 58.056 1138.674 
-25.323 58.067 1144.799 
-25.122 60.150 1136.734 
-25.420 55.547 1140.514 
-25.505 57.109 1139.328 
-26.149 54.598 1139.244 
-28.513 52.957 1141.211 
-27.284 59.788 1137.513 
-28.112 57.032 1138.086 
-28.526 53.745 1138.554 
-28.221 52.242 1141.756 
-27.383 59.439 1137.115 
-25.762 59.242 1135.993 
-25.857 60.814 1140.090 
-25.883 63.785 1129.660 
-24.749 69.886 1125.885 
-24.886 58.671 1132.691 
-26.548 67.129 1126.552 
-25.980 61.208 1128.498 
-24.840 53.283 1133.369 
-27.675 47.402 1139.346 
-29.475 41.104 1137.386 
-30.902 44.031 1128.376 
-26.308 31.331 1144.320 
-27.317 45.717 1130.525 
-25.658 51.295 1126.435 
-27.831 50.357 1129.534 
-27.914 43.193 1131.813 
-22.793 46.999 1131.548 
-27.240 44.388 1127.642 
-25.147 32.365 1131.570 
-25.537 52.591 1121.033 
-27.992 47.862 1124.587 
-26.267 43.295 1125.196 
-25.351 37.182 1130.384 
-22.777 49.740 1121.623 
-23.993 52.406 1118.318 
-21.543 41.577 1128.282 
-24.684 43.659 1128.104 
-19.772 43.913 1127.239 
-24.238 52.356 1121.666 
-27.123 59.109 1116.076 
-26.910 56.969 1117.244 
-25.845 48.817 1120.859 
-26.740 58.161 1114.969 
-22.199 42.414 1125.073 
-23.240 43.008 1129.908 
-23.063 43.754 1122.250 
4.063 10.032 1113.392 
-8.435 20.985 1124.053 
-13.091 42.036 1116.608 
-13.747 61.525 1105.180 
-13.597 73.767 1096.939 
-13.322 80.681 1092.329 
-12.965 84.006 1090.363 
-12.893 85.925 1088.657 
-12.852 87.121 1087.684 
-12.689 87.421 1087.760 
-13.356 87.407 1087.979 
-14.317 88.270 1089.157 
-14.371 88.963 1089.192 
-14.392 89.461 1089.017 
-14.719 89.382 1089.174 
-14.519 79.109 1094.806 
-13.172 80.362 1094.342 
-12.931 82.837 1089.260 
-13.585 85.955 1086.749 
-14.751 89.874 1085.493 
-15.390 91.819 1083.928 
-16.250 89.986 1083.873 
-14.687 77.645 1083.005 
-15.784 77.517 1079.100 
-16.930 74.951 1075.627 
-15.278 68.678 1072.178 
-14.579 58.550 1071.003 
-13.640 50.625 1067.193 
-12.952 40.621 1063.085 
-12.565 28.179 1061.077 
-12.113 10.980 1062.979 
-9.329 0.390 1072.284 
-8.504 -15.614 1068.209 
-6.022 -27.465 1067.238 
-2.849 -45.201 1061.177 
-0.561 -52.940 1067.296 
0.745 -68.022 1060.568 
4.026 -75.388 1081.432 
3.534 -96.937 1080.438 
10.633 -94.771 1098.914 
15.618 -101.147 1110.448 
14.956 -117.673 1101.005 
17.822 -121.023 1113.956 
3.165 -152.757 1148.228 
6.962 -157.812 1136.047 
14.821 -159.245 1115.669 
17.951 -157.876 1105.554 
20.871 -169.047 1088.311 
23.875 -167.475 1074.095 
15.437 -251.837 1062.576 
16.142 -212.236 1111.081 
5.937 -233.489 1129.259 
0.696 -238.154 1153.032 
-0.437 -235.959 1172.451 
-2.476 -235.512 1185.097 
-3.575 -237.321 1196.913 
-5.600 -231.031 1225.248 
-5.785 -229.741 1223.711 
-4.492 -229.852 1224.004 
-5.367 -228.920 1222.756 
-4.138 -229.360 1223.571 
-2.369 -233.661 1227.730 
-2.841 -232.459 1226.267 
-2.779 -231.315 1225.349 
-5.002 -230.254 1225.066 
-2.685 -228.814 1221.333 
-3.302 -298.325 1203.364 
-3.737 -266.774 1210.586 
-6.550 -263.861 1217.846 
-6.316 -253.080 1219.225 
-5.927 -244.713 1219.477 
-7.513 -244.480 1225.805 
-9.358 -242.187 1227.602 
-11.319 -233.132 1229.431 
-11.447 -231.410 1227.335 
-11.631 -230.792 1225.998 
-11.648 -230.111 1225.338 
-11.708 -235.254 1230.862 
-9.075 -239.244 1234.213 
-10.562 -241.560 1237.059 
-11.330 -237.780 1233.477 
-11.319 -239.800 1234.603 
-11.491 -241.313 1235.313 
-11.373 -237.281 1230.856 
-11.087 -239.388 1232.683 
-11.244 -241.417 1234.975 
-11.404 -237.710 1231.046 
-11.112 -239.485 1232.158 
-11.191 -241.394 1234.592 
-11.574 -242.437 1236.188 
-11.637 -238.367 1231.669 
-11.134 -240.092 1232.798 
-11.339 -241.676 1234.208 
-10.903 -242.595 1234.643 
-11.144 -238.046 1230.006 
-10.977 -239.742 1232.338 
-11.213 -241.992 1235.456 
-11.260 -243.673 1237.910 
-11.196 -244.224 1238.151 
-11.173 -243.902 1237.166 
-9.823 -244.708 1236.196 
-10.197 -244.147 1235.304 
-10.319 -244.274 1235.861 
-10.445 -244.207 1236.139 
-9.664 -245.239 1235.927 
-9.327 -240.148 1230.644 
-9.581 -241.399 1232.153 
-8.621 -243.209 1231.987 
-8.127 -244.375 1232.656 
-7.719 -244.761 1232.808 
-8.024 -239.458 1227.463 
-7.697 -241.004 1228.330 
-6.846 -242.729 1228.482 
-7.179 -243.787 1230.960 
-7.869 -239.122 1227.257 
-7.726 -240.688 1227.601 
-7.557 -242.899 1230.549 
-6.775 -244.427 1231.032 
-7.568 -239.627 1228.155 
-7.848 -235.497 1223.663 
-7.650 -232.149 1217.760 
-6.748 -237.324 1222.974 
-6.758 -240.665 1225.942 
-6.889 -242.763 1228.804 
-7.195 -244.338 1230.889 
-7.070 -245.076 1231.349 
-7.201 -245.308 1231.601 
-4.766 -241.573 1226.643 
-4.309 -304.566 1206.904 
-3.610 -346.102 1195.755 
-5.066 -292.224 1201.237 
-8.132 -276.527 1205.219 
-7.907 -245.762 1201.412 
-6.536 -221.234 1194.836 
-5.974 -201.576 1166.637 
-4.197 -183.014 1137.336 
12.085 -89.819 1067.398 
13.650 -67.564 1057.951 
14.020 -45.476 1054.873 
14.626 -28.348 1053.925 
14.236 -14.815 1053.275 
14.003 -1.304 1054.170 
14.818 16.674 1054.558 
14.989 33.105 1055.845 
14.802 44.466 1060.280 
14.897 52.187 1065.845 
14.588 62.464 1071.256 
13.512 70.269 1077.929 
15.342 79.838 1080.191 
14.948 84.769 1084.269 
14.687 87.182 1086.857 
13.889 90.385 1088.965 
13.225 91.529 1089.948 
12.612 91.728 1090.475 
12.055 91.741 1089.362 
12.601 91.161 1087.053 
12.000 91.285 1085.628 
10.445 90.695 1087.026 
8.216 86.972 1089.013 
7.007 84.415 1089.961 
7.193 83.318 1089.531 
8.281 85.512 1087.540 
7.583 85.470 1088.124 
6.618 83.977 1089.766 
8.131 86.693 1087.217 
8.892 89.917 1085.081 
10.186 90.694 1083.997 
9.214 91.440 1084.913 
8.482 87.857 1086.835 
8.715 88.787 1085.800 
7.706 87.141 1086.873 
8.536 86.257 1087.210 
7.036 86.098 1087.597 
7.335 84.465 1087.207 
7.976 85.453 1085.069 
8.492 86.367 1083.436 
8.158 84.997 1084.105 
8.176 85.242 1084.261 
8.209 85.508 1084.115 
7.883 86.420 1083.727 
6.714 85.914 1085.148 
6.964 86.438 1083.962 
7.643 87.198 1081.076 
6.001 86.822 1081.436 
4.186 87.130 1081.997 
3.201 87.194 1081.953 
2.744 87.311 1082.160 
2.215 87.003 1082.629 
1.874 86.677 1083.715 
2.012 86.697 1082.573 
2.815 86.887 1080.489 
2.798 86.685 1080.891 
3.785 85.302 1080.037 
2.685 85.659 1082.201 
2.028 85.558 1083.389 
2.304 85.144 1082.901 
2.979 84.281 1082.894 
3.278 83.868 1082.457 
2.409 84.406 1083.508 
3.251 83.165 1082.661 
2.376 83.890 1083.340 
2.618 83.207 1082.026 
3.555 82.182 1081.612 
3.435 82.632 1082.324 
4.675 82.148 1081.114 
4.619 81.788 1081.430 
3.582 81.861 1081.707 
3.150 82.052 1080.795 
4.120 82.210 1078.939 
4.562 83.512 1077.871 
5.453 83.372 1077.650 
4.779 83.135 1078.623 
5.424 81.359 1079.185 
6.246 81.998 1077.945 
6.762 82.906 1076.763 
6.535 83.163 1077.061 
6.903 83.465 1076.193 
7.832 83.083 1075.336 
7.926 83.816 1074.591 
8.137 82.837 1075.817 
7.814 82.185 1076.088 
6.517 82.532 1076.591 
5.057 83.958 1077.562 
6.442 79.467 1075.665 
7.427 75.722 1075.745 
8.334 73.093 1075.806 
7.301 69.986 1075.004 
8.343 69.385 1072.974 
8.055 63.525 1072.640 
7.595 59.921 1071.233 
9.317 53.485 1068.779 
9.810 46.514 1066.015 
11.068 34.288 1063.678 
11.904 21.297 1062.173 
13.035 10.477 1060.930 
13.493 0.232 1059.033 
14.938 -11.947 1062.418 
14.171 -31.424 1065.759 
15.772 -50.714 1067.933 
18.996 -67.231 1064.766 
23.082 -82.055 1058.402 
25.993 -95.006 1069.723 
26.489 -114.829 1073.331 
27.180 -131.517 1068.996 
26.092 -146.938 1074.187 
28.245 -151.034 1078.119 
25.794 -155.868 1103.013 
27.774 -160.451 1096.839 
28.745 -165.639 1091.461 
31.585 -168.956 1091.386 
30.459 -169.795 1090.289 
32.033 -164.177 1099.561 
33.719 -165.054 1099.928 
34.075 -168.425 1098.409 
33.305 -175.619 1087.702 
36.512 -171.995 1083.115 
37.491 -172.106 1082.694 
38.618 -171.590 1081.924 
37.862 -169.675 1084.093 
36.532 -170.291 1084.252 
33.796 -175.380 1083.537 
35.212 -172.534 1084.608 
34.030 -176.774 1080.441 
33.427 -179.720 1078.817 
33.236 -181.163 1076.617 
35.133 -173.111 1082.370 
28.547 -253.714 1067.143 
28.001 -213.810 1114.873 
19.111 -231.964 1130.135 
17.469 -222.740 1145.780 
19.265 -211.713 1143.507 
20.682 -206.838 1134.118 
19.701 -199.603 1141.410 
14.116 -200.533 1151.737 
21.414 -196.884 1121.848 
28.561 -182.652 1109.844 
36.052 -164.427 1108.826 
35.793 -166.274 1104.510 
31.195 -170.226 1119.715 
31.036 -178.250 1102.475 
28.807 -176.629 1116.027 
20.231 -194.834 1153.272 
13.544 -209.546 1179.960 
9.345 -219.042 1196.764 
6.973 -224.622 1206.708 
7.412 -226.199 1207.782 
8.978 -222.004 1187.279 
20.206 -203.318 1145.502 
26.722 -191.388 1119.938 
30.732 -183.675 1104.341 
36.756 -166.493 1106.501 
39.462 -158.363 1109.437 
40.951 -154.323 1111.167 
43.946 -150.679 1107.539 
45.487 -148.720 1105.127 
41.749 -157.433 1093.275 
40.013 -164.665 1090.939 
38.383 -163.967 1091.686 
37.489 -166.732 1092.603 
37.222 -167.356 1090.744 
40.565 -156.745 1099.325 
38.932 -164.148 1096.704 
37.652 -157.734 1111.726 
37.929 -160.820 1102.797 
37.531 -164.112 1094.934 
41.262 -155.896 1103.388 
39.501 -161.560 1094.750 
41.329 -155.459 1102.902 
43.979 -151.582 1104.825 
45.390 -149.531 1105.579 
40.911 -162.379 1098.597 
38.224 -170.155 1093.975 
36.833 -172.509 1092.106 
35.547 -174.641 1092.429 
32.322 -181.639 1087.583 
31.218 -183.661 1088.029 
32.515 -180.714 1089.349 
30.678 -184.752 1085.309 
29.833 -186.736 1083.575 
32.044 -183.980 1087.622 
33.065 -180.362 1089.759 
33.716 -178.327 1090.310 
31.983 -181.659 1090.927 
33.912 -179.259 1090.499 
34.226 -177.818 1090.919 
34.392 -178.098 1096.720 
34.811 -176.204 1094.318 
36.049 -175.040 1092.093 
35.850 -174.307 1091.673 
36.509 -185.868 1085.185 
37.211 -189.367 1077.997 
38.150 -190.276 1074.699 
37.275 -190.384 1076.474 
37.056 -191.936 1075.144 
36.182 -191.829 1075.057 
33.848 -187.857 1082.924 
31.817 -186.294 1087.449 
29.287 -184.913 1090.869 
29.607 -184.907 1092.135 
29.797 -185.287 1093.151 
30.626 -182.403 1096.906 
33.296 -187.133 1087.237 
35.041 -190.191 1079.894 
36.423 -191.496 1077.991 
37.782 -187.844 1075.437 
37.397 -192.439 1069.024 
36.442 -192.195 1070.458 
35.838 -191.957 1072.194 
32.927 -188.675 1080.893 
31.987 -187.564 1083.485 
30.328 -184.563 1087.204 
30.059 -184.773 1088.547 
30.247 -184.972 1088.490 
30.236 -183.200 1085.431 
30.256 -176.645 1083.505 
29.813 -173.899 1080.112 
29.598 -168.084 1077.743 
24.003 -164.471 1083.279 
23.655 -149.609 1089.453 
21.621 -130.972 1086.347 
17.767 -113.939 1074.829 
15.899 -91.928 1064.192 
14.807 -72.057 1059.098 
14.424 -53.950 1057.710 
13.928 -31.721 1058.106 
13.606 -12.626 1060.519 
14.006 10.551 1062.572 
13.947 26.675 1067.428 
13.217 44.461 1068.350 
12.489 60.400 1076.612 
12.766 73.698 1083.505 
12.919 84.030 1090.262 
13.543 93.141 1095.339 
13.079 98.521 1100.103 
12.868 101.375 1103.224 
12.765 102.975 1105.385 
12.696 103.814 1107.067 
12.626 104.151 1107.427 
13.248 104.686 1107.167 
13.735 104.341 1106.715 
13.373 103.729 1107.087 
13.553 103.113 1106.915 
13.445 103.089 1106.831 
13.228 103.844 1106.630 
13.153 104.245 1105.421 
13.691 105.080 1104.074 
14.214 104.809 1102.892 
14.489 104.817 1103.150 
14.062 104.514 1103.726 
14.366 104.470 1102.819 
14.532 104.529 1102.383 
14.589 104.509 1101.774 
14.571 104.488 1101.654 
14.651 104.051 1101.328 
13.986 100.937 1102.224 
13.621 98.782 1102.541 
13.422 97.558 1102.346 
13.805 96.317 1101.332 
13.185 95.842 1102.014 
14.550 92.748 1099.268 
13.887 92.192 1101.087 
12.884 93.656 1102.698 
13.042 94.586 1101.829 
13.159 95.214 1100.835 
13.842 98.659 1099.208 
13.113 97.794 1100.356 
13.152 96.701 1099.501 
12.414 95.630 1099.934 
12.790 95.370 1098.639 
13.688 93.466 1097.288 
13.797 94.576 1097.129 
13.477 95.008 1096.755 
13.326 95.092 1096.014 
13.134 94.840 1095.475 
13.173 94.823 1094.152 
13.192 94.477 1093.185 
13.292 93.331 1092.052 
12.842 92.786 1092.331 
11.409 92.420 1094.245 
10.454 91.979 1095.852 
10.069 91.382 1095.432 
9.482 92.415 1093.936 
9.168 91.856 1093.692 
8.533 92.293 1093.971 
8.260 92.432 1094.891 
8.079 92.654 1095.268 
6.376 89.832 1097.213 
5.543 87.118 1098.872 
5.389 84.703 1098.598 
4.743 84.372 1098.174 
4.387 84.208 1096.905 
4.260 84.167 1095.957 
5.570 85.506 1092.577 
5.188 83.089 1093.273 
5.822 84.142 1091.395 
6.363 78.578 1088.458 
4.911 74.900 1087.293 
3.714 73.032 1085.226 
3.884 69.940 1081.557 
4.164 62.952 1078.447 
4.718 52.278 1078.767 
6.568 45.996 1075.932 
9.180 33.942 1071.318 
10.814 25.396 1066.397 
12.473 15.753 1063.246 
13.470 3.087 1061.733 
14.822 -3.887 1062.971 
18.221 -10.982 1069.381 
20.217 -26.418 1060.733 
22.826 -44.367 1056.831 
25.792 -62.045 1053.874 
27.966 -75.309 1056.764 
29.748 -87.648 1052.319 
30.796 -101.162 1054.888 
34.034 -112.905 1060.507 
35.225 -120.868 1066.796 
34.752 -132.295 1074.417 
32.672 -144.316 1073.498 
31.782 -155.956 1073.228 
31.066 -164.019 1075.052 
34.105 -163.498 1076.613 
34.098 -163.039 1080.683 
32.514 -169.550 1081.490 
31.765 -172.846 1080.132 
30.949 -172.360 1081.980 
30.503 -171.949 1085.028 
30.110 -171.813 1086.714 
28.949 -166.043 1102.973 
29.222 -168.909 1097.947 
29.559 -170.500 1093.744 
29.903 -171.243 1090.420 
30.022 -171.548 1089.586 
29.242 -172.902 1095.530 
29.383 -172.618 1094.127 
28.824 -173.040 1097.800 
29.778 -172.416 1093.948 
30.389 -172.026 1091.210 
30.357 -171.112 1089.665 
30.107 -171.575 1089.632 
30.085 -171.786 1089.878 
29.289 -172.657 1095.473 
29.502 -172.482 1093.781 
28.720 -173.388 1098.033 
28.236 -173.797 1101.279 
28.780 -176.028 1098.797 
29.499 -176.537 1094.623 
30.541 -176.773 1090.639 
30.971 -164.734 1105.696 
30.685 -169.912 1100.568 
29.993 -170.420 1098.563 
29.685 -170.697 1097.615 
29.537 -170.629 1097.110 
30.300 -172.453 1090.090 
30.705 -173.555 1084.396 
30.531 -175.267 1084.515 
30.506 -176.001 1084.697 
30.454 -176.291 1085.875 
30.481 -176.220 1085.472 
30.542 -176.234 1086.750 
30.471 -176.286 1086.445 
30.310 -176.323 1087.844 
29.850 -177.355 1088.193 
29.812 -177.507 1088.078 
29.451 -179.853 1085.301 
29.392 -180.082 1086.927 
29.318 -180.018 1087.565 
29.336 -180.176 1087.918 
29.617 -179.085 1087.421 
29.739 -178.593 1087.687 
29.820 -178.381 1087.880 
29.931 -177.829 1088.477 
30.319 -176.284 1086.867 
30.243 -176.655 1086.062 
30.017 -177.309 1086.045 
29.540 -180.672 1084.193 
30.013 -179.455 1084.136 
30.021 -178.455 1083.273 
30.366 -177.307 1083.230 
30.243 -177.478 1084.288 
30.196 -177.735 1085.178 
29.489 -182.706 1080.312 
29.642 -180.629 1084.082 
29.239 -182.328 1083.475 
29.762 -180.322 1085.547 
29.795 -179.070 1085.463 
29.904 -178.603 1085.693 
30.152 -178.304 1086.174 
30.137 -178.414 1085.875 
30.042 -178.450 1085.057 
29.918 -178.549 1085.092 
29.950 -178.408 1085.718 
29.953 -178.398 1085.987 
30.387 -177.930 1083.835 
24.995 -178.996 1106.046 
27.130 -178.095 1099.011 
28.508 -178.096 1093.126 
29.316 -178.029 1090.254 
29.194 -181.545 1087.488 
29.100 -183.381 1086.396 
29.699 -180.729 1087.274 
30.787 -178.599 1088.172 
32.670 -176.688 1089.355 
34.129 -173.236 1090.637 
36.793 -173.750 1089.402 
37.308 -173.793 1092.702 
42.418 -175.472 1085.205 
48.322 -170.504 1080.608 
57.863 -162.833 1075.397 
66.750 -157.123 1073.068 
77.476 -146.955 1070.302 
88.405 -138.327 1067.788 
100.462 -125.931 1067.040 
113.415 -108.537 1064.684 
131.399 -88.096 1058.968 
146.658 -66.198 1057.863 
159.690 -47.828 1058.922 
170.952 -29.341 1063.156 
181.186 -13.501 1065.989 
190.060 3.558 1069.785 
196.599 20.290 1076.096 
203.666 35.993 1080.412 
210.042 51.751 1082.575 
214.482 65.229 1085.109 
217.231 74.401 1090.268 
221.205 85.477 1092.347 
223.826 92.545 1095.592 
225.178 98.703 1098.310 
222.990 101.717 1103.794 
221.079 103.606 1107.240 
220.844 103.626 1106.434 
219.951 105.318 1107.844 
219.895 105.800 1106.841 
219.419 106.427 1107.123 
218.911 106.586 1105.920 
219.436 104.946 1102.669 
219.063 103.328 1101.154 
218.135 102.881 1101.778 
218.579 102.657 1100.594 
218.492 103.139 1100.729 
218.886 102.883 1099.632 
219.714 102.507 1098.389 
220.020 102.265 1098.057 
219.533 103.139 1099.246 
218.616 102.995 1100.889 
219.035 102.818 1100.003 
218.710 102.131 1099.720 
218.329 101.593 1099.997 
217.962 101.178 1099.663 
217.964 101.081 1099.327 
217.969 101.112 1098.933 
217.402 101.590 1099.597 
216.950 100.797 1100.177 
215.505 99.255 1101.678 
215.329 99.046 1101.582 
215.477 99.187 1101.503 
214.686 98.036 1102.721 
213.059 97.425 1103.861 
213.510 96.047 1102.147 
213.871 95.405 1100.882 
213.329 95.680 1100.978 
212.948 95.789 1101.058 
212.696 95.771 1100.873 
211.760 96.014 1100.987 
211.270 96.088 1101.241 
210.039 95.036 1102.097 
209.599 94.279 1102.167 
208.451 91.393 1102.249 
208.919 93.033 1101.395 
208.977 93.228 1100.915 
209.469 94.330 1100.102 
209.783 93.025 1099.029 
209.778 94.118 1098.798 
209.425 94.794 1098.826 
209.222 95.143 1099.002 
209.089 95.255 1098.237 
208.093 95.847 1097.192 
207.745 96.183 1096.976 
206.899 95.271 1096.749 
207.340 95.711 1096.196 
207.212 96.306 1096.176 
207.548 96.377 1095.745 
207.742 96.448 1095.364 
207.838 96.497 1095.070 
208.325 98.234 1094.432 
208.402 97.729 1094.627 
207.870 97.465 1095.902 
207.268 97.107 1095.762 
207.544 96.757 1094.887 
207.352 96.847 1095.292 
207.133 96.796 1095.558 
207.096 96.552 1095.033 
206.835 95.384 1094.782 
206.772 95.663 1095.017 
206.739 95.864 1094.882 
206.796 96.007 1094.713 
207.831 95.495 1094.209 
208.455 95.294 1093.667 
208.413 95.176 1094.007 
208.662 95.110 1093.764 
208.921 95.136 1093.947 
208.651 94.123 1094.523 
208.770 94.444 1094.518 
208.978 94.777 1094.609 
207.886 93.815 1095.545 
207.107 93.075 1095.948 
207.095 91.564 1094.035 
206.569 90.509 1092.510 
206.214 89.019 1092.289 
205.561 88.824 1091.023 
205.323 87.600 1088.465 
204.015 84.153 1085.295 
202.808 80.165 1082.758 
200.203 74.527 1079.461 
195.810 67.891 1078.090 
192.394 61.781 1074.763 
188.421 50.941 1072.027 
183.140 40.414 1071.222 
177.356 29.758 1069.043 
171.069 17.544 1066.553 
164.802 3.403 1062.781 
157.785 -9.704 1059.384 
150.488 -23.749 1055.512 
139.048 -40.405 1055.019 
127.336 -56.371 1057.073 
115.612 -71.835 1057.724 
103.843 -88.295 1058.568 
93.774 -102.361 1057.456 
85.849 -116.797 1048.036 
75.689 -130.057 1050.638 
66.086 -137.070 1054.156 
58.512 -141.630 1058.072 
53.395 -149.177 1052.505 
48.256 -158.393 1049.782 
43.767 -163.504 1050.389 
42.101 -160.120 1053.450 
41.136 -159.328 1053.794 
39.651 -163.306 1053.432 
39.299 -159.776 1054.817 
39.186 -160.333 1055.514 
39.771 -159.684 1053.013 
39.953 -164.804 1046.632 
39.957 -168.292 1043.869 
39.710 -168.880 1045.652 
40.166 -165.742 1050.819 
38.603 -165.449 1047.862 
39.972 -163.338 1051.602 
38.612 -164.943 1052.370 
39.111 -167.501 1051.054 
38.678 -168.323 1051.128 
38.622 -169.043 1052.585 
39.740 -168.794 1050.940 
41.391 -160.790 1057.577 
41.682 -162.781 1054.415 
42.642 -160.449 1057.493 
43.247 -160.385 1060.317 
43.347 -158.254 1062.386 
45.191 -157.497 1058.197 
45.752 -156.807 1057.737 
47.083 -158.577 1055.172 
47.884 -159.742 1053.512 
49.084 -162.459 1048.918 
49.769 -162.392 1048.398 
50.024 -161.949 1050.600 
50.867 -164.090 1046.245 
50.562 -163.619 1046.960 
50.607 -163.883 1048.482 
50.544 -163.391 1048.765 
50.722 -162.716 1048.904 
50.746 -163.166 1051.571 
50.527 -163.115 1053.312 
50.428 -163.138 1052.888 
50.617 -162.627 1053.772 
50.617 -162.435 1053.591 
50.746 -163.035 1054.739 
50.761 -163.748 1056.138 
50.991 -164.574 1056.192 
51.067 -165.004 1056.397 
51.149 -164.459 1056.564 
51.182 -164.069 1056.784 
51.146 -164.613 1057.848 
51.149 -165.098 1058.645 
51.118 -165.168 1060.036 
51.595 -164.834 1058.339 
51.601 -165.002 1058.112 
51.453 -164.977 1058.546 
51.519 -164.411 1058.090 
52.098 -165.417 1056.795 
52.295 -165.179 1055.794 
51.993 -164.734 1056.584 
51.774 -164.272 1056.573 
51.903 -163.499 1055.936 
51.733 -163.491 1055.643 
52.084 -164.049 1055.083 
51.881 -163.836 1055.103 
51.734 -164.359 1056.981 
51.411 -164.477 1057.478 
51.302 -164.765 1057.487 
51.709 -165.992 1059.023 
51.797 -166.835 1060.789 
51.926 -166.448 1060.680 
51.599 -164.881 1060.274 
52.641 -162.988 1061.517 
52.795 -165.888 1060.083 
53.073 -164.216 1059.016 
53.675 -163.265 1059.424 
54.393 -163.357 1059.476 
54.774 -162.983 1058.238 
55.062 -162.676 1057.832 
57.050 -163.793 1053.343 
57.949 -166.064 1051.729 
56.829 -164.023 1053.188 
58.698 -160.285 1053.705 
59.498 -161.098 1051.901 
58.128 -159.816 1054.587 
58.800 -162.332 1051.567 
59.429 -163.747 1049.126 
60.120 -163.684 1049.502 
60.644 -161.175 1051.906 
59.973 -161.303 1053.337 
60.766 -159.766 1053.926 
60.734 -162.685 1051.995 
61.371 -162.738 1051.224 
61.356 -162.458 1052.132 
61.385 -162.670 1052.010 
61.219 -162.893 1052.980 
61.517 -160.483 1053.841 
62.053 -161.306 1054.020 
62.376 -161.739 1055.143 
63.673 -159.357 1055.459 
64.664 -158.209 1057.811 
65.258 -157.971 1062.937 
67.956 -152.809 1062.894 
73.949 -151.329 1059.976 
78.340 -144.967 1056.514 
83.924 -139.225 1059.166 
91.065 -132.004 1059.047 
97.883 -125.674 1060.307 
106.043 -117.251 1062.617 
115.652 -106.990 1060.789 
125.470 -95.246 1059.206 
138.528 -80.036 1054.412 
148.618 -68.449 1053.993 
159.799 -56.083 1052.979 
169.107 -43.858 1054.409 
176.959 -28.046 1057.519 
184.656 -13.986 1061.290 
191.492 -0.542 1063.489 
197.943 13.969 1065.654 
203.662 28.420 1068.614 
207.530 44.056 1072.416 
211.723 58.168 1074.783 
213.994 70.500 1079.165 
215.871 81.860 1082.698 
216.517 91.236 1086.216 
216.832 98.299 1091.035 
219.082 105.815 1091.488 
221.332 109.868 1091.752 
222.467 112.011 1091.496 
223.162 113.159 1091.529 
223.467 113.742 1091.170 
223.130 114.517 1091.582 
222.985 114.906 1091.697 
222.450 114.899 1090.894 
222.376 114.211 1090.212 
219.991 110.398 1093.048 
218.775 106.915 1093.191 
217.836 103.744 1093.637 
218.020 102.620 1092.961 
217.762 102.680 1092.996 
217.894 102.132 1091.756 
217.163 102.535 1093.310 
218.286 103.023 1092.528 
220.821 103.930 1090.144 
219.874 104.548 1091.543 
219.655 102.849 1090.362 
219.921 100.153 1089.344 
220.081 98.157 1089.818 
220.005 97.065 1089.512 
220.142 95.703 1088.412 
220.189 94.982 1087.659 
220.157 94.564 1086.883 
220.190 94.396 1086.593 
220.153 94.311 1086.162 
220.107 94.207 1085.741 
220.114 94.199 1085.770 
219.977 94.159 1085.330 
219.919 94.143 1085.391 
219.941 94.133 1085.339 
220.061 94.187 1085.568 
220.163 94.239 1085.806 
220.190 94.224 1086.017 
220.280 94.332 1086.539 
220.346 94.369 1086.730 
220.216 94.279 1086.386 
220.155 94.206 1086.124 
219.858 94.888 1086.960 
220.241 95.057 1087.158 
219.614 95.806 1087.256 
219.295 96.226 1087.447 
219.173 96.484 1087.888 
219.503 96.675 1087.535 
219.672 96.800 1086.871 
219.686 96.844 1086.450 
220.131 96.660 1085.196 
220.437 96.369 1084.772 
220.584 96.163 1084.517 
220.963 95.644 1084.198 
220.768 95.746 1083.939 
220.919 95.102 1083.930 
220.915 94.698 1083.702 
219.127 93.994 1084.373 
220.440 93.505 1083.094 
220.259 92.356 1083.268 
219.936 90.485 1082.941 
219.510 89.320 1082.857 
219.231 88.680 1082.505 
218.759 88.686 1083.278 
218.460 88.682 1083.777 
219.010 87.832 1082.895 
218.456 86.440 1084.111 
218.633 86.486 1083.259 
219.021 86.718 1082.420 
218.338 85.858 1083.727 
218.320 86.545 1083.899 
218.341 85.368 1083.871 
218.740 86.027 1083.602 
218.678 85.175 1083.858 
218.431 84.555 1084.071 
217.894 84.663 1085.458 
217.568 84.209 1086.237 
217.309 83.877 1086.529 
217.515 83.241 1085.618 
217.248 83.349 1086.113 
217.416 82.934 1084.961 
217.550 82.712 1084.187 
217.450 82.519 1083.132 
217.462 82.951 1082.805 
217.576 84.410 1082.500 
217.531 83.508 1081.434 
217.461 82.904 1081.191 
217.354 81.303 1078.729 
217.258 80.400 1076.821 
215.617 80.654 1077.287 
213.382 81.073 1078.075 
212.567 81.000 1077.899 
211.528 81.045 1077.544 
209.647 80.233 1077.782 
208.156 79.722 1077.394 
205.295 78.984 1079.034 
203.369 78.211 1079.385 
202.438 76.914 1078.570 
201.653 76.005 1077.413 
200.540 75.613 1077.191 
201.547 73.248 1073.638 
201.986 71.827 1070.165 
199.477 67.221 1069.822 
196.807 63.080 1066.968 
192.016 57.300 1068.586 
189.471 50.419 1063.520 
187.273 43.478 1058.494 
184.167 34.220 1053.602 
179.195 27.193 1052.424 
174.574 21.758 1049.844 
172.010 11.184 1043.761 
167.087 3.661 1042.248 
161.447 -4.183 1039.229 
155.809 -16.996 1035.511 
150.756 -25.941 1033.571 
144.675 -34.256 1031.711 
137.088 -47.321 1033.198 
129.471 -59.439 1037.239 
121.680 -71.929 1038.629 
115.659 -85.886 1039.208 
108.042 -94.822 1042.982 
103.471 -107.392 1044.138 
96.188 -120.359 1048.243 
91.362 -134.081 1048.144 
85.807 -143.442 1050.924 
79.931 -155.003 1055.180 
75.066 -166.328 1056.460 
70.970 -175.102 1057.606 
66.453 -184.901 1059.084 
61.544 -190.647 1062.568 
57.682 -195.131 1061.134 
54.907 -199.374 1060.506 
53.218 -206.094 1057.974 
52.440 -208.435 1057.812 
52.001 -209.953 1056.922 
51.852 -210.863 1056.104 
51.466 -208.109 1054.928 
50.217 -208.645 1053.459 
49.630 -208.126 1053.720 
49.347 -206.352 1054.714 
49.301 -205.271 1055.266 
49.210 -204.125 1056.928 
51.185 -204.682 1056.232 
51.448 -205.595 1058.000 
51.508 -207.417 1059.419 
51.673 -206.789 1058.817 
51.661 -205.932 1060.809 
52.821 -208.870 1058.831 
54.263 -211.133 1055.626 
53.270 -213.203 1057.887 
53.230 -211.396 1060.946 
53.523 -210.027 1062.419 
53.502 -209.221 1062.596 
53.484 -209.210 1062.702 
53.078 -208.333 1064.041 
53.209 -210.343 1062.866 
53.402 -210.203 1062.199 
53.028 -210.358 1062.784 
53.055 -211.018 1062.092 
53.067 -210.149 1063.154 
53.727 -209.418 1062.095 
54.104 -210.421 1058.898 
55.078 -210.514 1057.234 
55.031 -211.060 1060.320 
53.999 -210.421 1064.282 
53.783 -210.060 1064.838 
51.826 -199.405 1073.411 
51.338 -206.175 1069.087 
51.301 -210.142 1065.671 
51.551 -213.071 1062.045 
51.612 -212.965 1060.850 
51.178 -213.501 1059.621 
51.189 -212.901 1059.399 
50.736 -213.034 1059.672 
50.027 -211.971 1060.111 
49.972 -212.430 1060.614 
50.442 -213.286 1060.886 
50.683 -213.760 1060.383 
49.521 -214.418 1062.012 
48.094 -215.031 1063.187 
47.238 -216.773 1066.327 
48.591 -221.450 1063.803 
49.869 -225.571 1062.819 
51.674 -227.246 1062.318 
53.982 -234.554 1060.653 
54.143 -238.876 1061.780 
55.576 -246.396 1063.074 
58.488 -254.636 1061.687 
59.391 -266.098 1060.679 
59.363 -281.170 1062.301 
58.183 -299.150 1064.644 
56.069 -317.563 1069.648 
54.194 -339.957 1074.454 
49.460 -363.836 1075.707 
43.055 -388.579 1084.763 
35.769 -410.679 1093.050 
26.639 -428.459 1106.788 
18.667 -444.114 1119.312 
9.050 -460.058 1129.653 
-1.278 -473.201 1140.906 
-7.889 -485.995 1148.612 
-16.678 -496.763 1155.438 
-28.443 -505.834 1161.264 
-37.421 -514.998 1162.742 
-48.013 -522.968 1163.863 
-54.343 -527.389 1163.468 
-64.310 -534.034 1159.504 
-73.172 -542.184 1157.852 
-72.303 -581.323 1150.589 
-68.608 -596.876 1139.149 
-67.603 -608.807 1128.401 
-68.736 -617.266 1116.975 
-70.794 -624.598 1105.425 
-74.704 -630.290 1092.314 
-79.400 -636.104 1080.835 
-82.179 -638.764 1067.769 
-85.529 -643.129 1054.483 
-88.817 -646.643 1041.584 
-91.399 -650.643 1027.797 
-94.638 -654.268 1014.349 
-96.880 -657.855 1000.671 
-100.019 -660.733 986.072 
-101.379 -666.441 969.645 
-100.894 -674.035 953.449 
-99.980 -680.843 935.831 
-100.183 -689.815 918.234 
-103.719 -692.465 901.522 
-105.673 -700.818 886.538 
-111.653 -704.098 873.460 
-114.595 -710.969 862.080 
-117.606 -711.602 849.773 
-127.328 -720.237 839.372 
-146.607 -722.098 823.321 
-149.185 -732.219 808.323 
-158.162 -742.230 793.043 
-162.996 -753.776 780.297 
-167.618 -763.255 768.120 
-169.698 -772.097 756.342 
-169.300 -780.629 750.836 
-169.514 -789.452 742.286 
-171.876 -791.384 745.060 
-179.016 -788.838 747.496 
-193.046 -783.267 745.060 
-204.217 -783.056 741.377 
-214.338 -781.954 740.304 
-220.875 -785.648 739.010 
-226.001 -797.285 732.242 
-236.661 -812.834 714.415 
-271.112 -721.122 735.574 
-275.371 -698.997 745.281 
-276.077 -694.431 748.526 
-276.311 -693.762 749.629 
-276.414 -693.827 750.077 
-276.447 -693.960 750.314 
-276.439 -694.055 750.475 
-276.400 -694.118 750.607 
-276.327 -694.165 750.733 
-276.209 -694.215 750.867 
-276.546 -694.097 750.754 
-276.285 -694.187 750.944 
-276.549 -694.090 750.855 
-276.267 -694.186 751.045 
-276.516 -694.094 750.954 
-276.227 -694.193 751.139 
-276.474 -694.103 751.041 
-276.186 -694.202 751.220 
-276.441 -694.110 751.111 
-276.154 -694.209 751.283 
-276.411 -694.117 751.169 
-276.132 -694.215 751.333 
-276.390 -694.122 751.214 
-276.113 -694.220 751.374 
-276.379 -694.125 751.248 
-276.096 -694.225 751.407 
-276.364 -694.131 751.278 
-276.082 -694.231 751.434 
-276.350 -694.136 751.302 
-276.076 -694.234 751.453 
-276.345 -694.139 751.319 
-276.071 -694.237 751.468 
-276.340 -694.143 751.332 
-276.067 -694.240 751.480 
-276.336 -694.146 751.343 
-276.057 -694.246 751.492 
-276.334 -694.149 751.351 
-276.055 -694.249 751.499 
-276.332 -694.153 751.357 
-276.053 -694.252 751.505 
-276.330 -694.156 751.362 
-276.052 -694.256 751.509 
-276.329 -694.159 751.366 
-276.051 -694.259 751.512 
-276.328 -694.163 751.368 
-276.045 -694.265 751.517 
-276.322 -694.168 751.373 
-276.044 -694.268 751.518 
-276.322 -694.172 751.374 
-276.044 -694.271 751.519 
-276.322 -694.175 751.374 
-276.044 -694.275 751.519 
-276.322 -694.179 751.374 
-276.038 -694.281 751.522 
-276.322 -694.182 751.374 
-276.039 -694.284 751.522 
-276.322 -694.186 751.374 
-276.045 -694.285 751.518 
-276.323 -694.189 751.373 
-276.045 -694.289 751.517 
-276.323 -694.193 751.372 
-276.046 -694.293 751.516 
-276.330 -694.194 751.367 
-276.047 -694.296 751.515 
-276.325 -694.200 751.369 
-276.041 -694.302 751.516 
-276.325 -694.204 751.368 
-276.042 -694.306 751.515 
-276.326 -694.207 751.366 
-276.049 -694.307 751.510 
-276.333 -694.209 751.362 
-276.050 -694.311 751.509 
-276.328 -694.215 751.363 
-276.050 -694.315 751.507 
-276.328 -694.218 751.361 
-276.045 -694.320 751.508 
-276.329 -694.222 751.360 
-276.046 -694.324 751.507 
-276.330 -694.226 751.358 
-276.053 -694.326 751.502 
-276.331 -694.230 751.356 
-276.048 -694.332 751.503 
-276.332 -694.233 751.355 
-276.049 -694.335 751.501 
-276.333 -694.237 751.353 
-276.056 -694.337 751.497 
-276.334 -694.241 751.351 
-276.057 -694.341 751.495 
-276.335 -694.245 751.349 
-276.058 -694.345 751.493 
-276.336 -694.249 751.348 
