-370.785 -394.932 1117.141 
-344.447 -395.181 1092.146 
-330.134 -379.963 1084.760 
-207.359 -327.341 969.926 
-236.933 -360.243 1048.244 
-210.599 -354.937 1054.249 
-257.053 -346.908 1070.342 
-240.412 -340.763 1065.310 
-174.485 -349.362 1096.877 
-155.773 -337.818 1105.439 
-88.002 -337.395 1005.919 
-88.425 -340.123 1010.151 
-85.394 -336.256 1015.568 
-83.566 -339.451 1052.052 
-82.161 -345.970 1056.439 
-69.177 -345.814 1074.253 
-56.076 -343.602 1084.494 
-51.878 -332.777 1095.411 
-47.440 -325.298 1101.719 
116.819 -236.766 1225.058 
149.034 -235.659 1266.904 
233.955 -184.619 1334.826 
217.123 -196.170 1330.115 
252.665 -184.851 1275.226 
57.809 -256.960 1129.752 
-53.920 -283.609 1100.001 
-74.759 -276.456 1072.377 
-86.337 -268.773 1046.787 
-108.961 -267.168 1023.255 
-131.735 -260.083 998.789 
-117.743 -245.367 810.568 
-119.058 -239.476 811.132 
-129.248 -225.547 815.532 
-170.166 -160.545 888.451 
-169.378 -165.643 886.188 
-191.384 -164.137 887.018 
-188.228 -171.679 890.020 
-253.112 -269.045 921.856 
-189.569 -218.114 893.252 
-202.988 -233.686 929.587 
-201.910 -231.626 915.215 
-202.768 -227.145 917.695 
-191.587 -209.063 875.648 
-201.287 -239.246 913.840 
-203.793 -240.730 910.966 
-205.013 -245.395 911.612 
-192.125 -230.935 899.595 
-193.502 -235.739 899.413 
-207.178 -253.370 909.637 
-194.820 -243.000 904.861 
-251.677 -331.009 992.575 
-196.827 -243.801 903.962 
-253.577 -322.882 992.527 
-254.977 -319.873 993.442 
-256.924 -317.745 994.186 
-286.926 -354.334 1012.819 
-300.591 -328.697 1010.698 
-189.565 -240.002 914.822 
-295.900 -324.149 1005.782 
-190.502 -242.882 895.476 
-292.028 -322.171 1007.295 
-208.654 -261.280 928.544 
-183.560 -237.897 903.325 
-195.592 -272.612 914.781 
-186.338 -269.640 897.796 
-183.658 -248.624 896.623 
-200.963 -242.788 911.772 
-266.610 -325.932 994.547 
-196.220 -216.710 860.339 
-184.078 -224.813 896.359 
-269.764 -321.968 994.888 
-255.788 -308.337 958.691 
-186.856 -219.714 888.807 
-179.278 -221.107 911.209 
-272.460 -339.234 1032.030 
-183.717 -232.788 920.643 
-212.819 -264.636 947.695 
-276.301 -331.145 1010.901 
-205.386 -260.750 946.948 
-186.989 -235.098 922.147 
-198.507 -248.449 930.111 
-288.668 -358.247 1027.075 
-288.759 -356.520 1032.801 
-326.739 -368.664 1105.388 
-325.416 -364.522 1092.290 
-323.630 -362.574 1085.233 
-321.716 -362.271 1085.943 
-320.416 -362.763 1081.593 
-320.379 -364.281 1072.254 
-321.137 -365.131 1067.036 
-339.602 -414.649 1102.047 
-318.923 -364.092 1074.050 
-313.141 -361.021 1070.030 
-308.773 -356.997 1066.865 
-304.675 -352.857 1064.303 
-214.288 -267.744 950.622 
-208.634 -260.524 936.399 
-286.123 -329.513 1038.955 
-286.523 -358.416 1025.008 
-289.262 -334.820 1052.740 
-294.546 -339.811 1067.364 
-325.900 -412.893 1111.316 
-288.025 -336.154 1074.013 
-255.442 -340.210 1007.660 
-261.221 -354.608 1028.718 
-237.526 -345.808 1026.812 
-112.330 -294.676 978.539 
-248.627 -337.925 1055.722 
-233.027 -335.492 1057.074 
-106.536 -312.236 1059.203 
-137.240 -355.355 996.880 
-133.369 -355.881 1011.083 
-131.081 -354.348 1022.753 
-130.345 -353.275 1027.995 
-110.512 -322.778 1148.190 
-91.693 -312.855 1144.517 
-89.067 -310.384 1150.751 
-90.739 -306.100 1147.421 
-93.958 -301.722 1145.898 
-109.210 -321.887 1134.753 
-112.387 -316.660 1127.865 
-118.932 -309.765 1113.649 
-117.049 -297.662 1091.707 
-121.249 -292.694 1071.228 
-118.726 -282.217 1047.723 
-126.326 -278.373 1019.288 
-130.909 -260.952 986.946 
-126.016 -236.021 928.350 
-145.601 -222.675 909.514 
-163.593 -216.488 884.805 
-196.729 -216.094 885.251 
-196.244 -179.519 842.572 
-212.993 -167.261 830.065 
-229.438 -168.492 815.052 
-211.331 -213.876 745.539 
-218.303 -217.718 743.021 
-232.003 -213.477 760.317 
-239.732 -211.786 772.497 
-238.312 -160.572 832.753 
-267.818 -160.226 831.497 
-271.397 -159.905 833.525 
-252.928 -211.979 796.458 
-266.707 -157.776 841.483 
-270.039 -162.201 842.964 
-264.737 -170.063 846.355 
-266.790 -167.270 843.410 
-252.505 -200.561 809.729 
-262.098 -172.458 842.226 
-259.462 -181.353 843.812 
-266.159 -181.741 844.577 
-260.006 -168.484 842.588 
-250.048 -179.294 848.290 
-261.957 -183.155 840.706 
-260.077 -179.631 840.584 
-259.755 -190.171 843.302 
-250.910 -210.225 856.560 
-260.143 -188.329 854.257 
-259.992 -187.754 858.825 
-266.902 -208.124 853.524 
-266.139 -207.349 855.205 
-266.372 -205.908 853.688 
-262.561 -204.787 852.207 
-262.797 -203.947 852.248 
-258.233 -192.985 846.634 
-257.366 -193.957 847.292 
-253.678 -180.869 846.919 
-259.996 -193.937 848.117 
-258.944 -188.908 851.830 
-253.788 -180.056 860.107 
-257.194 -181.854 859.168 
-265.245 -186.819 862.656 
-264.883 -191.626 860.725 
-264.235 -187.691 863.470 
-269.489 -197.191 859.333 
-263.812 -199.589 857.218 
-262.731 -187.048 859.268 
-265.706 -201.643 858.640 
-266.485 -207.736 859.897 
-260.164 -199.475 861.231 
-253.846 -208.071 864.771 
-255.189 -188.591 866.026 
-262.707 -226.247 869.553 
-282.462 -231.422 862.832 
-267.514 -218.974 867.256 
-260.867 -219.270 863.846 
-259.088 -212.668 857.917 
-247.943 -204.171 856.020 
-254.378 -192.456 853.802 
-251.925 -200.565 845.655 
-235.834 -231.626 883.124 
-201.737 -224.821 867.478 
-163.955 -216.462 875.389 
-120.929 -219.967 885.049 
-135.798 -271.254 831.091 
-77.270 -273.224 868.293 
-101.330 -312.712 1055.344 
-99.207 -334.256 985.978 
-79.851 -315.414 1095.378 
-76.217 -318.948 1108.533 
-79.659 -318.873 1116.913 
-80.888 -322.347 1124.779 
-77.287 -319.441 1128.069 
-84.161 -319.373 1120.845 
-78.469 -313.629 1114.548 
-88.207 -311.023 1101.522 
-92.941 -305.287 1085.671 
-98.968 -298.073 1066.363 
-83.698 -281.779 1037.006 
-93.684 -270.909 1005.784 
-114.583 -268.689 983.754 
-133.024 -255.735 955.225 
-131.278 -221.338 915.097 
-164.595 -223.800 900.687 
-222.565 -258.471 941.240 
-199.499 -197.312 869.533 
-210.291 -186.027 854.180 
-223.307 -180.884 836.871 
-236.045 -166.583 817.966 
-255.141 -162.698 813.072 
-262.042 -167.222 808.062 
-261.044 -159.021 814.093 
-267.705 -171.002 815.098 
-273.561 -170.377 816.312 
-271.257 -173.341 819.778 
-266.619 -168.905 821.212 
-261.548 -166.727 827.059 
-269.350 -171.137 826.777 
-270.194 -169.276 823.571 
-264.646 -169.600 825.516 
-258.851 -176.126 828.907 
-261.755 -171.533 830.346 
-265.431 -177.263 835.664 
-259.603 -186.394 840.423 
-262.500 -184.574 839.236 
-263.392 -184.661 838.941 
-258.426 -186.320 837.572 
-260.156 -184.649 840.957 
-260.242 -182.950 839.037 
-261.509 -195.743 841.834 
-259.243 -190.138 842.442 
-257.423 -189.366 840.573 
-258.395 -189.761 839.591 
-259.559 -192.080 840.110 
-260.312 -193.191 839.638 
-261.422 -194.733 840.709 
-263.526 -191.612 842.389 
-261.344 -186.097 847.742 
-269.154 -194.032 852.287 
-265.225 -191.963 854.694 
-267.024 -199.656 843.376 
-256.587 -198.664 849.404 
-263.632 -201.929 841.037 
-264.151 -195.578 843.379 
-261.475 -194.657 841.491 
-261.632 -191.120 842.482 
-274.046 -202.940 852.357 
-287.738 -214.179 862.246 
-283.755 -210.890 868.547 
-282.271 -208.338 864.680 
-289.659 -203.574 869.029 
-275.670 -213.169 869.584 
-278.086 -201.964 866.289 
-271.063 -197.601 864.049 
-254.123 -182.793 860.795 
-234.124 -227.019 809.027 
-203.583 -171.047 837.797 
-172.711 -178.523 847.839 
-129.059 -198.152 859.015 
-71.899 -195.313 870.697 
-20.975 -220.891 907.912 
12.711 -230.763 957.008 
-45.104 -254.899 910.266 
-51.831 -264.508 920.178 
-60.354 -276.962 930.485 
-61.867 -281.224 940.116 
-66.141 -289.535 957.322 
-70.213 -292.268 978.470 
-77.768 -322.177 1104.922 
-83.387 -316.861 1104.216 
-85.496 -308.211 1100.901 
-67.106 -292.829 1089.126 
-75.189 -293.166 1080.564 
-84.034 -289.492 1067.034 
-91.702 -285.046 1048.086 
-108.298 -283.087 1032.904 
-125.220 -276.499 1011.689 
-142.547 -268.531 992.877 
-156.401 -266.400 976.875 
-112.259 -210.687 898.385 
-133.614 -190.410 884.041 
-163.837 -175.000 873.789 
-178.128 -156.580 853.551 
-380.570 -310.693 1211.437 
-381.973 -307.152 1205.017 
-391.520 -271.406 1228.133 
-365.385 -336.120 1149.123 
-319.156 -264.149 1307.617 
-315.542 -276.872 1309.969 
-319.941 -276.684 1306.718 
-324.990 -271.819 1306.266 
-335.091 -294.348 1301.566 
-333.017 -325.167 1280.082 
-395.693 -377.154 1184.970 
-398.990 -358.937 1208.456 
-309.637 -280.015 1360.888 
-293.566 -267.024 1378.221 
-320.879 -170.404 1372.689 
-344.712 -163.682 1368.232 
-345.168 -164.480 1367.710 
-322.420 -166.121 1377.712 
-333.764 -156.805 1377.404 
-299.820 -260.247 1367.223 
-309.184 -273.837 1321.519 
-315.341 -281.259 1300.689 
-319.432 -290.042 1313.194 
-370.604 -346.024 1179.713 
-324.006 -150.216 1372.690 
-293.457 -142.444 1389.482 
-264.339 -280.382 932.539 
-212.733 -256.323 794.352 
-310.646 -157.766 1363.511 
-318.088 -295.035 1276.971 
-322.448 -302.323 1291.644 
-324.425 -305.509 1303.658 
-325.723 -304.728 1311.984 
-326.755 -300.981 1316.583 
-327.596 -296.593 1319.125 
-330.294 -293.223 1327.205 
-328.011 -288.822 1334.724 
-279.082 -298.727 965.275 
-252.127 -213.640 910.605 
-247.668 -197.641 884.561 
-254.236 -189.963 868.470 
-326.218 -314.010 1180.637 
-326.080 -317.653 1147.153 
-310.195 -304.145 1101.962 
-306.742 -308.348 1094.651 
-300.344 -306.314 1080.934 
-297.176 -297.578 1079.216 
-300.464 -295.689 1079.219 
-293.167 -289.479 1058.344 
-294.707 -292.465 1066.241 
-289.705 -294.583 1053.618 
-246.289 -211.217 893.617 
-249.097 -182.599 872.510 
-251.324 -190.973 856.321 
-248.312 -191.926 850.104 
-277.656 -261.248 1007.566 
-257.812 -268.376 984.956 
-161.145 -177.580 875.553 
-120.877 -170.491 870.245 
-115.418 -247.616 862.897 
-110.330 -253.230 871.887 
-112.742 -262.311 883.507 
-115.345 -268.596 895.302 
-111.046 -276.889 915.353 
-102.852 -284.122 943.485 
-95.553 -290.396 966.616 
-84.284 -290.670 989.664 
-74.546 -292.091 1009.488 
-65.984 -289.963 1026.926 
-73.568 -311.782 1120.261 
-80.753 -307.314 1108.560 
-83.362 -298.436 1095.742 
-97.123 -298.626 1080.155 
-94.382 -287.945 1058.388 
-105.252 -279.372 1038.886 
-93.541 -254.169 1003.442 
-114.704 -255.599 987.015 
-120.524 -236.332 949.238 
-131.565 -214.871 914.588 
-124.586 -174.009 867.595 
-153.499 -161.668 854.845 
-205.324 -220.161 902.837 
-370.107 -278.825 1215.793 
-393.155 -230.839 1233.377 
-387.071 -244.605 1247.591 
-392.353 -275.005 1240.981 
-396.950 -291.383 1196.802 
-354.027 -312.660 1218.328 
-346.072 -321.950 1207.788 
-334.124 -300.691 1261.330 
-326.542 -284.745 1288.351 
-317.810 -284.113 1298.599 
-359.934 -356.915 1170.549 
-362.425 -344.674 1168.417 
-306.896 -273.119 1310.413 
-308.787 -264.324 1320.797 
-307.954 -250.123 1326.551 
-311.357 -251.728 1326.735 
-312.040 -263.195 1327.062 
-312.112 -262.163 1323.534 
-368.265 -331.076 1167.578 
-365.932 -336.182 1164.751 
-370.770 -335.803 1182.420 
-316.769 -279.318 1323.691 
-368.657 -344.917 1176.547 
-310.529 -297.403 1312.524 
-320.200 -248.413 1448.674 
-399.065 -315.046 1276.319 
-336.655 -265.306 1409.885 
-328.016 -264.466 1403.350 
-313.163 -250.276 1421.186 
-304.524 -234.160 1436.926 
-304.794 -235.957 1445.240 
-233.814 -140.842 975.038 
-220.265 -146.173 974.652 
-387.295 -313.994 1275.141 
-395.760 -301.298 1318.247 
-392.833 -301.938 1315.646 
-330.103 -131.425 1525.385 
-325.378 -131.776 1524.635 
-315.764 -140.547 1501.077 
-379.053 -290.509 1298.038 
-295.734 -239.775 1404.741 
-297.243 -243.884 1389.369 
-297.034 -359.111 1341.305 
-291.169 -230.110 1395.045 
-280.785 -229.429 1383.968 
-272.897 -229.225 1383.144 
-276.865 -237.957 1405.511 
-305.433 -139.964 1501.296 
-297.566 -145.162 1485.438 
-304.220 -123.406 1502.768 
-290.180 -377.544 1338.128 
-309.339 -108.530 1519.292 
-326.732 -105.761 1529.968 
-329.934 -114.053 1529.087 
-251.001 -165.951 1041.932 
-244.061 -138.141 997.933 
-243.317 -133.789 1002.919 
-244.227 -129.908 1004.140 
-246.508 -131.238 1002.955 
-247.804 -128.498 1005.950 
-247.657 -126.239 1001.953 
-245.964 -130.525 1001.932 
-242.625 -140.001 997.943 
-240.878 -136.400 998.502 
-235.514 -127.913 1000.025 
-233.000 -134.398 1006.160 
-239.252 -126.763 1004.564 
-236.639 -136.618 1009.870 
-231.112 -133.075 995.484 
-231.990 -134.091 998.560 
-235.183 -129.058 1001.515 
-237.125 -130.227 1009.594 
-236.449 -130.469 1009.455 
-239.049 -134.049 1014.240 
-240.717 -130.706 1018.485 
-245.151 -132.785 1007.320 
-230.161 -129.898 1005.056 
-243.991 -131.926 1009.826 
-241.728 -131.769 1012.300 
-244.825 -136.271 1007.220 
-244.702 -143.120 1005.001 
-242.609 -137.118 1002.351 
-250.471 -142.511 1001.434 
-245.564 -141.765 1000.962 
-244.665 -139.269 996.551 
-248.360 -141.581 995.517 
-247.049 -139.824 990.923 
-242.886 -134.047 992.498 
-237.936 -138.747 992.690 
-227.677 -138.012 998.644 
-200.839 -165.362 919.113 
-191.884 -158.966 931.115 
-86.542 -148.935 1020.214 
-55.064 -222.561 1068.669 
-149.653 -339.828 1153.815 
21.249 -271.083 1129.195 
-93.232 -335.335 1157.655 
-91.480 -336.914 1162.740 
-94.953 -336.968 1160.478 
-89.438 -328.560 1163.029 
-97.566 -324.100 1152.138 
-101.073 -324.332 1132.202 
-121.443 -327.488 1107.529 
-146.512 -330.193 1104.775 
-143.802 -316.963 1093.568 
-127.268 -295.239 1076.642 
-122.733 -279.871 1061.502 
-123.088 -262.900 1042.940 
-121.522 -253.520 1004.042 
-38.425 -240.504 881.964 
-55.000 -230.249 849.248 
-90.103 -169.062 897.904 
-115.506 -148.769 888.944 
-135.290 -123.218 861.060 
-134.297 -156.951 767.951 
-337.875 -376.713 1072.686 
-396.692 -360.437 1142.143 
-339.129 -404.927 1061.315 
-330.059 -354.002 1090.165 
-343.473 -361.983 1105.637 
-337.265 -332.917 1136.619 
-332.280 -330.399 1131.146 
-270.872 -209.553 881.732 
-272.369 -259.508 772.533 
-269.077 -250.191 772.509 
-269.176 -247.619 774.485 
-262.691 -253.749 759.646 
-260.063 -249.520 753.085 
-258.761 -244.052 754.760 
-268.701 -241.585 771.825 
-260.085 -244.201 765.293 
-254.875 -243.269 760.805 
-262.273 -236.169 765.270 
-243.420 -216.880 756.237 
-234.832 -200.814 749.270 
-243.055 -210.458 736.630 
-245.569 -204.876 745.349 
-250.060 -201.931 753.335 
-248.398 -201.298 750.548 
-248.752 -200.769 750.030 
-250.107 -198.212 753.954 
-253.015 -202.036 756.187 
-256.485 -206.025 754.550 
-257.812 -210.760 755.982 
-261.768 -212.151 756.521 
-267.470 -213.147 760.980 
-272.975 -219.047 755.210 
-270.525 -219.196 747.967 
-266.777 -212.286 747.735 
-259.932 -217.419 740.593 
-258.070 -218.725 739.578 
-260.738 -211.902 743.387 
-257.365 -111.212 1317.241 
-326.467 -267.523 1253.935 
-270.727 -167.344 841.650 
-262.641 -219.648 766.504 
-249.988 -223.146 754.917 
-250.790 -166.044 837.677 
-253.982 -218.175 770.498 
-271.856 -152.350 837.199 
-270.542 -153.548 829.954 
-270.807 -147.696 837.655 
-270.589 -152.770 839.085 
-274.701 -145.093 833.338 
-261.168 -209.266 786.760 
-252.683 -152.530 833.635 
-262.277 -208.800 785.005 
-260.531 -209.135 759.079 
-255.363 -212.965 737.432 
-255.086 -211.334 735.403 
-255.421 -207.788 740.504 
-255.336 -205.816 741.857 
-255.571 -209.694 742.683 
-259.012 -220.199 733.588 
-258.261 -217.609 741.366 
-257.106 -214.581 742.014 
-257.406 -210.370 744.217 
-257.051 -212.091 746.084 
-256.654 -212.600 746.508 
-266.834 -220.668 760.771 
-262.540 -216.836 756.692 
-262.262 -216.211 750.514 
-261.337 -219.691 751.207 
-254.783 -215.847 748.871 
-253.099 -214.750 747.042 
-257.823 -214.476 744.242 
-258.769 -214.087 738.937 
-261.431 -213.939 744.456 
-263.078 -220.450 738.022 
-261.935 -223.028 734.163 
-261.098 -225.525 732.105 
-260.883 -223.980 731.525 
-262.739 -226.284 730.931 
-263.395 -225.309 731.183 
-264.238 -226.029 728.317 
-266.945 -228.525 727.044 
-267.195 -231.483 725.809 
-265.793 -235.144 723.143 
-246.143 -213.835 710.293 
-256.540 -235.909 700.178 
-398.752 -337.689 1208.616 
-421.218 -311.242 1271.708 
-187.910 -249.520 744.176 
-202.242 -339.203 1003.410 
-236.200 -387.335 1063.679 
-244.736 -398.328 1088.970 
-153.329 -355.756 1074.318 
-145.608 -361.786 1094.646 
-130.263 -366.496 1110.178 
-118.877 -362.753 1123.842 
-123.665 -361.329 1128.671 
-116.874 -343.899 1125.734 
-122.528 -336.372 1114.731 
-125.115 -331.933 1105.856 
-135.732 -329.420 1093.837 
-130.339 -318.225 1080.752 
-124.469 -300.161 1063.924 
-118.787 -282.958 1045.554 
-129.759 -275.926 1025.160 
-148.765 -268.699 1001.055 
-160.653 -263.221 981.507 
-175.240 -253.055 951.675 
-177.896 -214.028 910.512 
-171.877 -170.084 870.607 
-185.698 -138.743 698.171 
-191.510 -143.860 692.500 
-206.137 -144.847 683.217 
-243.415 -214.017 709.048 
-254.177 -206.219 707.974 
-253.121 -193.146 708.646 
-245.641 -182.158 704.413 
-250.032 -176.451 702.456 
-256.645 -169.356 703.159 
-261.214 -165.679 707.888 
-263.700 -165.516 711.639 
-267.523 -168.669 711.386 
-274.919 -169.007 718.828 
-279.819 -175.389 723.288 
-277.571 -175.852 722.938 
-275.592 -174.445 721.769 
-273.374 -172.257 722.321 
-271.165 -169.864 727.671 
-270.328 -170.139 730.389 
-268.912 -169.311 732.061 
-267.436 -169.018 732.377 
-265.959 -169.953 731.240 
-264.549 -167.441 732.001 
-260.962 -168.158 726.841 
-259.801 -168.693 725.737 
-260.409 -166.549 728.533 
-259.582 -168.993 724.413 
-260.015 -168.061 726.030 
-260.797 -173.462 726.183 
-258.613 -173.111 724.572 
-259.776 -182.758 724.533 
-256.312 -179.074 722.186 
-256.641 -173.763 730.187 
-253.980 -172.645 726.279 
-253.289 -172.221 725.582 
-252.946 -174.324 724.701 
-251.253 -163.464 725.150 
-249.954 -147.730 724.126 
-248.732 -144.596 721.664 
-252.962 -154.641 731.648 
-256.580 -170.951 735.163 
-255.827 -173.510 738.409 
-251.144 -168.812 739.597 
-245.769 -173.465 728.787 
-242.427 -132.456 714.217 
-244.001 -133.126 724.684 
-247.803 -136.931 737.862 
-263.759 -171.527 754.004 
-267.306 -193.683 751.623 
-277.123 -194.618 754.005 
-277.055 -195.722 748.200 
-281.322 -200.044 750.240 
-277.190 -213.155 740.478 
-270.611 -218.738 732.267 
-268.779 -215.490 725.957 
-273.715 -218.976 723.505 
-270.558 -217.606 724.488 
-264.539 -191.917 735.629 
-261.190 -182.158 739.353 
-258.441 -174.754 739.539 
-257.651 -173.323 742.711 
-257.597 -176.233 741.610 
-261.105 -169.303 749.985 
-264.004 -170.344 754.320 
-259.846 -166.515 744.489 
-262.087 -169.142 743.322 
-264.251 -171.127 745.749 
-265.848 -194.782 738.947 
-264.276 -194.805 740.215 
-261.646 -182.170 741.625 
-264.076 -180.494 743.985 
-266.474 -180.748 750.084 
-272.386 -207.733 737.919 
-272.036 -239.600 860.639 
-280.128 -300.529 821.961 
-240.005 -301.049 784.858 
-237.309 -320.118 783.073 
-226.046 -329.745 783.531 
-176.739 -243.031 842.785 
-184.562 -252.247 883.540 
-174.463 -261.218 898.542 
-162.038 -274.691 917.717 
-149.716 -279.744 931.123 
-139.395 -287.492 945.865 
-130.677 -295.994 961.973 
-123.167 -303.480 975.548 
-115.349 -284.806 983.716 
-122.629 -290.004 997.512 
-92.209 -335.390 1105.880 
-121.031 -342.596 1094.430 
-129.721 -340.355 1082.100 
-135.204 -333.287 1069.264 
-141.191 -327.622 1054.112 
-155.682 -323.402 1040.166 
-161.546 -314.997 1022.782 
-169.448 -307.242 1006.181 
-183.758 -299.333 992.485 
-201.051 -297.468 984.700 
-126.324 -241.956 922.405 
-166.055 -217.225 903.438 
-196.875 -315.637 1047.814 
-277.442 -307.759 990.106 
-359.297 -302.817 1244.202 
-376.067 -319.712 1244.835 
-270.241 -225.943 727.656 
-258.395 -218.846 738.020 
-260.048 -190.368 742.087 
-261.612 -171.590 742.780 
-264.795 -154.613 746.891 
-263.699 -139.186 747.031 
-260.103 -130.217 747.623 
-261.262 -125.995 755.006 
-262.293 -126.843 761.251 
-262.985 -128.847 763.066 
-260.249 -130.822 755.874 
-261.363 -130.621 759.972 
-261.176 -130.348 761.586 
-261.133 -130.694 773.888 
-261.423 -130.396 766.621 
-260.768 -130.996 765.348 
-260.798 -131.692 766.132 
-259.880 -131.845 766.800 
-258.361 -134.056 760.478 
-258.036 -133.432 763.272 
-257.908 -132.065 768.100 
-257.890 -131.084 768.119 
-257.413 -130.060 768.583 
-257.664 -129.566 769.981 
-256.792 -129.834 769.970 
-255.938 -129.282 770.144 
-255.864 -129.046 772.103 
-255.854 -128.694 772.094 
-254.459 -127.038 769.524 
-253.827 -129.124 768.170 
-252.665 -130.417 767.369 
-251.414 -131.269 764.929 
-256.232 -140.059 768.178 
-258.895 -144.748 768.445 
-262.451 -146.910 772.562 
-262.710 -148.416 772.927 
-263.380 -146.755 773.246 
-260.668 -145.230 767.756 
-261.244 -146.352 769.451 
-259.967 -144.876 769.688 
-250.116 -133.761 760.853 
-251.011 -136.484 763.588 
-252.092 -138.595 767.289 
-254.126 -141.498 769.312 
-253.374 -141.131 768.174 
-250.891 -140.702 762.585 
-251.164 -140.640 766.945 
-251.245 -140.761 765.642 
-254.992 -149.264 767.740 
-254.640 -147.275 770.429 
-254.512 -147.679 771.866 
-253.285 -151.491 770.858 
-253.819 -152.208 773.319 
-250.578 -159.882 768.007 
-256.377 -160.477 777.907 
-255.684 -160.025 777.700 
-256.603 -161.367 777.950 
-250.663 -155.150 770.894 
-247.286 -155.750 767.013 
-245.536 -157.047 763.313 
-248.693 -158.736 768.260 
-248.615 -157.611 768.951 
-250.194 -159.179 772.206 
-268.211 -108.921 829.674 
-253.170 -111.250 840.018 
-209.997 -193.440 676.628 
-203.821 -216.881 723.060 
-219.643 -208.203 725.937 
-223.548 -199.110 731.922 
-241.812 -195.616 744.692 
-148.385 -139.043 852.323 
-79.984 -146.160 877.900 
-59.582 -275.977 895.896 
-29.655 -282.433 888.239 
-11.351 -284.498 932.913 
3.272 -293.924 972.928 
-49.898 -315.409 1101.119 
-57.071 -329.436 1109.851 
-63.649 -335.483 1121.286 
-63.609 -337.649 1126.331 
-65.299 -337.155 1125.224 
-76.410 -338.573 1117.700 
-93.854 -344.990 1106.527 
-85.616 -338.517 1090.295 
-63.436 -314.222 1076.360 
-40.588 -336.683 994.779 
-36.891 -268.895 1034.066 
-46.247 -264.646 1014.186 
-36.661 -249.135 980.993 
-47.797 -238.591 951.970 
-75.214 -228.473 928.751 
-102.444 -222.529 915.388 
-93.969 -168.536 861.862 
-122.766 -162.082 846.485 
-159.240 -163.451 709.933 
-326.599 -277.942 1234.807 
-204.719 -193.944 876.442 
-190.059 -207.393 768.448 
-223.682 -147.980 841.327 
-238.254 -134.486 835.535 
-230.792 -127.585 832.294 
-215.047 -178.645 784.304 
-215.298 -175.802 782.261 
-216.367 -174.204 783.992 
-216.643 -170.383 793.195 
-210.636 -162.903 788.617 
-207.096 -159.496 784.471 
-206.038 -156.254 784.364 
-207.832 -153.063 781.751 
-206.360 -153.758 781.231 
-204.865 -155.819 782.275 
-203.849 -157.183 781.394 
-203.340 -157.528 782.340 
-207.085 -168.348 790.451 
-204.516 -164.333 791.280 
-202.133 -163.548 785.943 
-218.652 -112.743 843.093 
-211.851 -108.877 843.359 
-207.594 -110.334 844.983 
-199.442 -168.055 791.349 
-208.286 -105.938 842.128 
-197.344 -164.039 793.538 
-217.669 -112.266 838.705 
-220.555 -101.001 841.338 
-219.832 -101.004 842.678 
-220.653 -111.226 839.889 
-224.911 -110.924 836.700 
-217.371 -110.414 840.065 
-223.716 -108.457 838.036 
-197.853 -165.611 794.225 
-231.326 -107.991 836.949 
-230.386 -106.013 837.391 
-201.304 -167.240 794.408 
-231.958 -107.464 835.820 
-232.018 -108.303 834.101 
-226.380 -105.599 836.303 
-231.334 -109.033 830.283 
-230.843 -107.048 829.517 
-201.765 -159.536 785.227 
-213.248 -111.781 832.634 
-229.412 -112.364 829.581 
-225.504 -111.902 830.601 
-231.413 -111.383 830.363 
-232.671 -119.546 837.609 
-231.185 -113.126 838.927 
-205.906 -156.308 791.795 
-214.976 -112.168 842.224 
-236.600 -111.711 840.462 
-233.705 -105.367 836.539 
-234.599 -118.061 839.923 
-225.018 -121.959 843.025 
-234.589 -114.273 838.497 
-235.305 -113.691 837.328 
-229.768 -122.789 843.959 
-221.765 -128.173 845.655 
-240.580 -129.199 840.880 
-239.732 -128.045 840.808 
-231.327 -129.600 845.095 
-238.979 -126.605 844.642 
-232.942 -126.515 843.580 
-235.804 -123.239 848.735 
-237.208 -120.589 847.287 
-236.766 -121.166 846.148 
-235.082 -121.002 842.888 
-230.864 -134.071 830.670 
-234.047 -123.354 826.761 
-202.049 -156.925 787.488 
-231.978 -120.383 825.446 
-233.416 -189.021 822.465 
-225.403 -184.821 816.493 
-221.164 -179.407 818.585 
-222.990 -176.078 817.334 
-211.697 -180.553 820.849 
-272.979 -223.486 848.142 
-277.305 -209.620 860.642 
-286.453 -210.822 869.020 
-292.501 -217.320 876.306 
-296.484 -214.557 879.673 
-292.315 -214.608 880.602 
-288.574 -219.448 877.407 
-278.201 -225.566 872.784 
-273.839 -221.635 874.157 
-288.887 -233.497 863.910 
-278.231 -213.549 871.099 
-267.988 -219.666 868.045 
-235.492 -213.731 842.808 
-162.070 -185.878 739.000 
-134.439 -154.517 782.791 
-50.979 -178.180 880.377 
14.055 -202.358 934.906 
3.039 -257.827 899.427 
10.526 -260.342 905.602 
17.115 -265.718 918.394 
21.891 -276.688 943.107 
27.316 -285.230 966.952 
32.561 -285.710 995.174 
38.495 -284.555 1015.369 
43.810 -285.746 1031.562 
45.673 -281.589 1039.224 
60.417 -257.011 1056.471 
67.802 -241.872 1053.385 
79.669 -246.090 1090.063 
71.298 -235.766 1064.955 
54.199 -221.593 1032.519 
-1.484 -229.240 903.137 
-6.852 -230.613 862.325 
-2.895 -233.775 840.855 
-35.615 -209.075 791.181 
-74.034 -202.974 766.182 
-94.009 -153.648 749.297 
-129.904 -156.205 735.647 
-149.027 -162.390 728.538 
-162.609 -170.860 717.109 
-172.731 -167.392 713.852 
-236.462 -104.788 823.884 
-254.327 -96.549 827.952 
-262.388 -101.722 838.181 
-274.345 -97.502 842.892 
-275.418 -79.275 845.793 
-278.250 -73.522 850.890 
-285.481 -72.146 853.219 
-247.208 -121.400 795.049 
-280.357 -70.813 866.960 
-281.118 -66.687 870.847 
-281.730 -59.537 870.171 
-280.294 -63.044 872.196 
-276.653 -60.745 864.409 
-245.488 -129.311 798.487 
-258.153 -69.551 865.225 
-264.885 -81.011 867.909 
-252.423 -82.556 872.752 
-258.169 -83.548 869.165 
-257.643 -82.947 868.476 
-258.828 -81.306 870.358 
-251.664 -82.263 870.206 
-253.452 -83.451 862.644 
-252.487 -77.492 867.337 
-253.620 -81.829 867.567 
-242.312 -82.166 872.293 
-252.112 -85.849 864.315 
-252.373 -88.117 857.090 
-250.777 -79.738 860.745 
-252.138 -85.683 861.811 
-247.267 -76.303 867.064 
-243.558 -89.499 867.232 
-242.565 -88.981 868.463 
-252.195 -92.491 867.544 
-244.254 -90.491 870.609 
-245.460 -87.999 871.429 
-245.377 -88.990 870.270 
-246.868 -77.158 867.503 
-244.327 -81.231 865.067 
-244.174 -83.735 867.187 
-244.611 -77.729 868.357 
-252.652 -73.414 864.262 
-237.658 -63.740 868.916 
-256.363 -69.468 850.429 
-220.084 -117.009 781.250 
-220.768 -120.939 785.722 
-259.556 -79.731 856.848 
-255.706 -86.684 862.440 
-255.656 -84.528 862.879 
-255.507 -85.800 874.081 
-259.993 -90.383 869.549 
-260.003 -87.356 869.082 
-261.275 -88.635 868.193 
-263.903 -88.511 867.565 
-264.499 -85.484 869.771 
-260.318 -83.171 873.513 
-259.681 -85.256 874.263 
-259.014 -78.584 876.342 
-259.713 -81.112 876.567 
-258.810 -80.367 877.462 
-259.391 -83.922 875.139 
-249.688 -89.511 877.292 
-259.020 -83.575 874.503 
-259.007 -82.495 873.498 
-259.923 -81.414 869.735 
-260.266 -84.088 869.319 
-248.999 -86.155 867.486 
-259.046 -77.214 863.897 
-263.525 -84.655 862.962 
-260.454 -82.952 864.718 
-260.918 -91.133 865.588 
-252.182 -84.627 871.014 
-258.702 -82.617 872.972 
-255.388 -91.143 874.263 
-247.996 -89.970 872.424 
-235.657 -112.668 860.418 
-206.559 -108.656 844.685 
-180.441 -115.119 836.920 
-124.396 -126.331 839.851 
-77.755 -138.532 861.294 
-29.783 -174.064 893.104 
-83.353 -222.162 842.681 
-73.577 -220.817 852.053 
-62.083 -225.895 864.139 
-46.448 -224.807 877.844 
106.758 -275.334 1125.338 
105.540 -280.065 1136.933 
112.190 -282.717 1148.519 
93.604 -276.558 1146.635 
78.744 -267.923 1139.391 
-17.311 -268.382 1107.370 
-48.081 -279.004 1099.440 
-29.374 -263.434 1094.643 
-36.766 -259.513 1079.125 
-55.052 -264.440 1059.435 
-64.563 -249.332 1028.722 
91.328 -194.604 996.340 
22.253 -191.018 953.852 
5.912 -172.409 913.228 
-31.331 -153.651 884.923 
-44.961 -176.803 817.170 
-66.829 -154.261 805.220 
-99.840 -153.683 786.748 
-131.620 -129.987 742.143 
-151.044 -143.863 765.328 
-187.358 -40.040 839.778 
-205.540 -66.396 842.677 
-174.487 -123.538 807.250 
-186.450 -127.017 817.995 
-228.018 -85.480 855.338 
-233.175 -87.954 858.903 
-235.607 -82.536 858.473 
-237.478 -83.819 859.178 
-238.476 -87.927 855.159 
-241.431 -104.431 855.421 
-239.477 -97.735 854.824 
-239.462 -95.531 859.824 
-243.945 -112.167 858.231 
-241.049 -98.594 863.888 
-240.133 -112.417 870.468 
-239.840 -107.235 870.447 
-246.119 -177.812 926.391 
-243.586 -173.977 921.957 
-238.652 -193.289 1111.701 
-244.720 -173.857 929.320 
-276.140 -342.243 1029.984 
-276.358 -344.838 1026.328 
-241.422 -152.462 901.255 
-236.653 -156.987 894.578 
-229.936 -147.932 884.708 
-272.077 -376.825 1026.580 
-276.817 -370.548 1033.230 
-234.060 -143.720 891.659 
-166.092 -232.338 1292.745 
-172.134 -220.238 1299.267 
-189.894 -208.869 1296.281 
-192.201 -212.465 1298.755 
-184.391 -219.235 1296.937 
-182.350 -218.427 1296.345 
-183.286 -215.299 1290.386 
-271.364 -221.678 1316.051 
-253.888 -148.162 1350.519 
-230.381 -141.539 1355.248 
-225.561 -141.266 1343.582 
-245.550 -139.948 1337.041 
-215.407 -138.973 1338.582 
-218.842 -132.941 1341.906 
-251.825 -138.526 1345.742 
-245.937 -133.294 1348.929 
-253.310 -135.023 1348.036 
-253.748 -135.291 1351.479 
-245.384 -126.838 1352.249 
-247.647 -132.494 1353.189 
-252.939 -139.125 1357.103 
-228.672 -127.776 1359.537 
-206.737 -138.174 1342.749 
-229.735 -138.360 1332.027 
-242.924 -157.913 1342.337 
-240.630 -158.338 1328.573 
-213.417 -149.669 1305.901 
-229.152 -132.695 1477.189 
-217.201 -136.405 1472.792 
-184.917 -120.969 1470.614 
-171.632 -117.203 1455.758 
-191.508 -112.688 1448.278 
-209.961 -119.555 1351.221 
-260.028 -142.429 1351.551 
-259.967 -142.606 1356.919 
-241.888 -144.151 1357.835 
-215.984 -118.960 1346.978 
-222.882 -116.757 1342.525 
-220.756 -83.812 1320.049 
-175.937 -130.492 1298.848 
-190.889 -154.312 1312.075 
-186.360 -150.169 1305.489 
-184.415 -94.093 1264.097 
-221.502 -161.350 1298.922 
-166.643 -119.568 1292.919 
-192.838 -124.254 1299.631 
-170.602 -114.952 1290.852 
-177.099 -112.939 1295.151 
-173.230 -108.771 1295.387 
-180.606 -114.588 1293.196 
-175.689 -116.294 1299.181 
-174.632 -108.705 1300.949 
-194.932 -112.270 1296.673 
-189.856 -118.078 1306.837 
-190.735 -112.408 1297.585 
-184.121 -118.162 1300.212 
-188.225 -115.805 1299.070 
-199.350 -118.894 1312.238 
-193.726 -113.856 1300.553 
-168.784 -107.073 1293.952 
-172.859 -109.988 1300.940 
