0.000 0.000 0.000 
0.000 0.000 0.000 
0.000 0.000 0.000 
0.000 0.000 0.000 
0.000 0.000 0.000 
0.000 0.000 0.000 
0.000 0.000 0.000 
0.000 0.000 0.000 
0.000 0.000 0.000 
0.000 0.000 0.000 
0.000 0.000 0.000 
0.000 0.000 0.000 
0.000 0.000 0.000 
0.000 0.000 0.000 
0.000 0.000 0.000 
0.000 0.000 0.000 
0.000 0.000 0.000 
0.000 0.000 0.000 
0.000 0.000 0.000 
0.000 0.000 0.000 
0.000 0.000 0.000 
0.000 0.000 0.000 
0.000 0.000 0.000 
0.000 0.000 0.000 
0.000 0.000 0.000 
0.000 0.000 0.000 
0.000 0.000 0.000 
0.000 0.000 0.000 
0.000 0.000 0.000 
0.000 0.000 0.000 
0.000 0.000 0.000 
0.000 0.000 0.000 
0.000 0.000 0.000 
0.000 0.000 0.000 
0.000 0.000 0.000 
0.000 0.000 0.000 
0.000 0.000 0.000 
0.000 0.000 0.000 
0.000 0.000 0.000 
0.000 0.000 0.000 
0.000 0.000 0.000 
0.000 0.000 0.000 
0.000 0.000 0.000 
0.000 0.000 0.000 
0.000 0.000 0.000 
0.000 0.000 0.000 
0.000 0.000 0.000 
0.000 0.000 0.000 
0.000 0.000 0.000 
0.000 0.000 0.000 
0.000 0.000 0.000 
0.000 0.000 0.000 
0.000 0.000 0.000 
0.000 0.000 0.000 
0.000 0.000 0.000 
0.000 0.000 0.000 
0.000 0.000 0.000 
0.000 0.000 0.000 
0.000 0.000 0.000 
0.000 0.000 0.000 
0.000 0.000 0.000 
0.000 0.000 0.000 
0.000 0.000 0.000 
0.000 0.000 0.000 
0.000 0.000 0.000 
0.000 0.000 0.000 
0.000 0.000 0.000 
0.000 0.000 0.000 
0.000 0.000 0.000 
0.000 0.000 0.000 
0.000 0.000 0.000 
0.000 0.000 0.000 
0.000 0.000 0.000 
0.000 0.000 0.000 
0.000 0.000 0.000 
0.000 0.000 0.000 
0.000 0.000 0.000 
0.000 0.000 0.000 
0.000 0.000 0.000 
0.000 0.000 0.000 
0.000 0.000 0.000 
0.000 0.000 0.000 
0.000 0.000 0.000 
0.000 0.000 0.000 
0.000 0.000 0.000 
0.000 0.000 0.000 
0.000 0.000 0.000 
0.000 0.000 0.000 
0.000 0.000 0.000 
0.000 0.000 0.000 
0.000 0.000 0.000 
0.000 0.000 0.000 
0.000 0.000 0.000 
0.000 0.000 0.000 
0.000 0.000 0.000 
0.000 0.000 0.000 
0.000 0.000 0.000 
0.000 0.000 0.000 
0.000 0.000 0.000 
0.000 0.000 0.000 
0.000 0.000 0.000 
0.000 0.000 0.000 
0.000 0.000 0.000 
0.000 0.000 0.000 
0.000 0.000 0.000 
0.000 0.000 0.000 
0.000 0.000 0.000 
0.000 0.000 0.000 
0.000 0.000 0.000 
0.000 0.000 0.000 
0.000 0.000 0.000 
0.000 0.000 0.000 
0.000 0.000 0.000 
0.000 0.000 0.000 
0.000 0.000 0.000 
0.000 0.000 0.000 
0.000 0.000 0.000 
0.000 0.000 0.000 
0.000 0.000 0.000 
0.000 0.000 0.000 
0.000 0.000 0.000 
0.000 0.000 0.000 
0.000 0.000 0.000 
0.000 0.000 0.000 
0.000 0.000 0.000 
0.000 0.000 0.000 
0.000 0.000 0.000 
0.000 0.000 0.000 
0.000 0.000 0.000 
0.000 0.000 0.000 
0.000 0.000 0.000 
0.000 0.000 0.000 
0.000 0.000 0.000 
0.000 0.000 0.000 
0.000 0.000 0.000 
0.000 0.000 0.000 
0.000 0.000 0.000 
0.000 0.000 0.000 
0.000 0.000 0.000 
0.000 0.000 0.000 
0.000 0.000 0.000 
0.000 0.000 0.000 
0.000 0.000 0.000 
0.000 0.000 0.000 
0.000 0.000 0.000 
0.000 0.000 0.000 
0.000 0.000 0.000 
0.000 0.000 0.000 
0.000 0.000 0.000 
0.000 0.000 0.000 
0.000 0.000 0.000 
0.000 0.000 0.000 
0.000 0.000 0.000 
0.000 0.000 0.000 
0.000 0.000 0.000 
0.000 0.000 0.000 
0.000 0.000 0.000 
0.000 0.000 0.000 
0.000 0.000 0.000 
0.000 0.000 0.000 
0.000 0.000 0.000 
0.000 0.000 0.000 
0.000 0.000 0.000 
0.000 0.000 0.000 
0.000 0.000 0.000 
0.000 0.000 0.000 
0.000 0.000 0.000 
0.000 0.000 0.000 
0.000 0.000 0.000 
0.000 0.000 0.000 
0.000 0.000 0.000 
0.000 0.000 0.000 
0.000 0.000 0.000 
0.000 0.000 0.000 
0.000 0.000 0.000 
0.000 0.000 0.000 
0.000 0.000 0.000 
0.000 0.000 0.000 
0.000 0.000 0.000 
0.000 0.000 0.000 
0.000 0.000 0.000 
0.000 0.000 0.000 
0.000 0.000 0.000 
0.000 0.000 0.000 
0.000 0.000 0.000 
0.000 0.000 0.000 
0.000 0.000 0.000 
0.000 0.000 0.000 
0.000 0.000 0.000 
0.000 0.000 0.000 
0.000 0.000 0.000 
0.000 0.000 0.000 
0.000 0.000 0.000 
0.000 0.000 0.000 
0.000 0.000 0.000 
0.000 0.000 0.000 
0.000 0.000 0.000 
0.000 0.000 0.000 
0.000 0.000 0.000 
0.000 0.000 0.000 
0.000 0.000 0.000 
0.000 0.000 0.000 
0.000 0.000 0.000 
-116.752 -195.748 1246.503 
-73.781 -89.583 1183.264 
-41.869 -54.852 1158.839 
-32.101 -48.743 1144.750 
-36.705 -65.415 1146.195 
-13.401 -39.934 1129.817 
-2.499 -27.580 1123.915 
14.749 -18.846 1118.448 
29.977 -4.275 1124.085 
44.561 3.370 1133.994 
51.625 10.267 1142.947 
53.634 12.258 1145.964 
59.828 20.538 1147.015 
56.076 21.821 1146.636 
50.680 22.091 1133.850 
37.134 28.687 1130.695 
45.141 29.767 1131.325 
41.895 24.161 1130.237 
49.350 25.034 1125.009 
32.702 24.824 1100.606 
32.084 22.547 1114.000 
32.883 31.096 1119.183 
34.078 27.819 1116.976 
25.294 22.146 1125.026 
26.056 21.305 1128.202 
17.885 21.244 1132.175 
19.310 27.596 1128.833 
7.913 22.113 1127.898 
2.115 26.465 1132.931 
-14.363 21.798 1144.083 
-32.089 22.829 1167.058 
-58.018 -0.177 1177.451 
-76.257 -19.492 1188.961 
-97.407 -47.265 1197.832 
-116.576 -92.636 1209.400 
-134.104 -115.712 1212.506 
-144.967 -131.225 1215.907 
-152.973 -165.297 1222.914 
-159.848 -168.175 1228.250 
-165.220 -182.523 1233.989 
-164.201 -189.656 1247.191 
-165.828 -199.210 1250.428 
-171.526 -211.324 1245.323 
-175.426 -222.666 1244.652 
-179.451 -227.207 1240.103 
-183.131 -234.202 1235.609 
-184.277 -240.457 1232.163 
-189.138 -252.368 1226.111 
-185.864 -259.651 1224.257 
-188.276 -261.598 1223.238 
-186.047 -262.664 1220.613 
-185.453 -260.479 1217.829 
-183.112 -266.717 1215.038 
-178.846 -252.738 1219.793 
-177.516 -250.464 1215.090 
-180.997 -249.377 1206.242 
-175.875 -253.790 1202.126 
-172.379 -272.644 1195.231 
-176.879 -263.827 1176.920 
-165.646 -272.213 1165.969 
-150.956 -289.576 1151.617 
-137.421 -289.857 1135.687 
-128.111 -276.307 1105.617 
-112.439 -279.539 1083.952 
-92.354 -284.247 1066.086 
-70.772 -280.672 1049.320 
-34.395 -287.197 1037.934 
-0.417 -296.252 1033.432 
32.881 -306.965 1052.629 
56.276 -318.308 1046.656 
76.754 -328.283 1044.524 
92.031 -333.754 1049.658 
69.349 -414.738 1179.423 
81.917 -418.993 1195.173 
103.994 -400.494 1196.611 
45.792 -293.771 1187.682 
41.573 -298.750 1198.786 
19.581 -327.731 1226.932 
28.316 -324.438 1223.779 
30.986 -331.832 1219.693 
16.642 -332.677 1226.623 
5.254 -332.763 1230.548 
-8.869 -336.995 1240.112 
-13.974 -333.866 1240.990 
10.404 -313.538 1216.128 
-13.153 -336.347 1227.036 
-24.481 -345.169 1233.272 
-47.612 -377.180 1259.988 
-55.999 -379.007 1259.708 
-72.034 -378.970 1268.544 
-74.070 -382.957 1270.451 
-93.172 -493.542 1320.827 
-94.488 -505.394 1292.241 
-108.307 -397.342 1156.105 
-122.583 -385.209 1167.678 
-110.367 -339.643 1177.831 
-116.285 -340.754 1202.333 
-132.357 -332.097 1212.186 
-140.951 -327.374 1224.943 
-156.643 -306.009 1210.753 
-166.011 -296.499 1213.362 
-173.415 -293.294 1217.982 
-179.669 -293.177 1223.631 
-188.508 -293.534 1222.412 
-195.911 -292.887 1224.272 
-202.597 -291.956 1222.286 
-201.461 -292.080 1224.822 
-206.515 -295.168 1220.951 
-208.724 -295.802 1219.416 
-209.536 -295.851 1216.052 
-194.627 -361.255 1199.644 
-173.879 -371.069 1201.741 
-189.765 -308.062 1223.852 
-188.061 -303.575 1222.958 
-185.450 -305.234 1224.807 
-182.809 -306.439 1226.321 
-181.110 -305.807 1226.435 
-183.492 -305.846 1223.334 
-182.992 -307.128 1224.388 
-186.545 -304.712 1220.465 
-189.088 -301.213 1216.305 
-195.700 -298.066 1209.710 
-200.770 -297.249 1204.591 
-197.456 -295.016 1205.547 
-198.209 -295.550 1205.882 
-185.383 -302.392 1212.283 
-182.034 -305.169 1216.352 
-181.697 -305.374 1215.807 
-179.669 -303.462 1216.292 
-178.112 -301.585 1217.862 
-178.405 -303.296 1217.547 
-179.051 -299.364 1216.844 
-181.253 -298.125 1215.422 
-181.083 -298.359 1215.670 
-184.167 -297.190 1212.622 
-183.552 -295.191 1214.031 
-161.829 -373.703 1215.848 
-166.888 -369.183 1214.864 
-165.456 -373.702 1218.361 
-164.793 -289.404 1176.416 
-153.852 -284.101 1157.818 
-140.193 -282.065 1136.861 
-122.376 -275.877 1113.575 
-94.187 -272.475 1098.506 
-78.386 -271.396 1076.021 
-51.433 -273.600 1049.048 
-21.095 -272.426 1028.287 
24.527 -290.350 1054.130 
17.615 -361.620 1066.693 
29.512 -378.633 1090.960 
27.976 -431.134 1143.465 
105.591 -380.197 1053.859 
122.794 -390.268 1071.415 
82.402 -427.599 1146.610 
41.637 -468.231 1206.970 
38.670 -475.466 1221.909 
37.614 -477.321 1227.761 
12.283 -494.548 1246.127 
-7.097 -502.190 1259.518 
3.924 -500.961 1258.078 
-14.794 -509.352 1271.548 
-20.919 -510.213 1276.062 
43.400 -496.141 1162.848 
53.045 -489.963 1155.927 
-14.180 -485.445 1281.091 
-60.955 -513.244 1335.663 
-76.808 -514.588 1350.654 
-87.683 -510.738 1343.643 
-108.392 -525.268 1345.430 
-113.637 -536.934 1341.058 
-81.690 -358.375 1154.296 
-103.595 -358.070 1183.434 
-109.533 -352.323 1201.971 
-93.070 -367.540 1206.914 
-90.998 -367.200 1208.893 
-88.760 -353.277 1219.610 
-158.771 -308.438 1213.616 
-163.416 -307.239 1219.723 
-165.959 -306.150 1225.608 
-168.650 -304.670 1227.189 
-173.790 -304.074 1219.872 
-177.091 -302.988 1215.331 
-177.925 -303.134 1216.308 
-172.349 -307.924 1217.636 
-171.137 -305.709 1218.220 
-165.862 -305.433 1225.274 
-160.446 -310.421 1228.109 
-160.254 -309.710 1224.217 
-163.807 -307.239 1216.549 
-164.535 -307.857 1213.075 
-224.816 -233.141 1201.737 
-232.808 -228.802 1192.643 
-228.454 -231.244 1194.294 
-225.537 -228.301 1196.201 
-227.183 -230.290 1193.743 
-223.250 -232.031 1197.000 
-222.489 -231.157 1198.449 
-222.083 -237.575 1195.401 
-219.991 -236.571 1197.732 
-224.487 -236.033 1192.271 
-220.551 -238.323 1194.858 
-220.742 -239.860 1190.869 
-233.324 -233.089 1173.959 
-228.836 -234.486 1177.541 
-227.340 -236.821 1176.769 
-224.240 -235.683 1178.274 
-224.350 -237.603 1175.076 
-222.228 -237.271 1177.135 
-196.795 -291.642 1171.882 
-221.374 -238.138 1176.105 
-192.038 -296.215 1179.602 
-219.039 -238.197 1178.806 
-218.814 -238.183 1176.187 
-215.809 -235.699 1174.263 
-215.845 -242.775 1182.838 
-216.154 -238.375 1179.255 
-220.888 -234.348 1171.807 
-215.484 -235.702 1174.691 
-219.611 -233.147 1167.118 
-215.769 -230.647 1167.764 
-217.925 -228.564 1156.681 
-216.735 -228.145 1146.952 
-211.841 -224.835 1130.256 
-200.593 -222.009 1115.159 
-185.860 -217.735 1097.970 
-169.868 -215.677 1076.163 
-149.118 -207.638 1053.953 
-119.774 -209.838 1037.718 
-112.555 -199.881 975.059 
-44.721 -210.871 1039.760 
-8.845 -221.747 1034.279 
27.498 -226.233 1030.891 
33.379 -251.446 1062.376 
-28.299 -379.046 1237.750 
92.693 -233.666 1016.572 
-10.681 -334.395 1230.688 
13.420 -352.259 1222.769 
16.146 -361.065 1244.311 
40.966 -376.745 1226.522 
71.153 -387.087 1202.776 
66.176 -413.299 1239.609 
45.417 -476.522 1234.211 
28.676 -481.831 1244.503 
0.668 -490.995 1257.193 
-8.753 -493.662 1263.228 
-35.570 -495.413 1279.392 
-35.469 -493.824 1280.657 
-15.056 -486.205 1270.495 
-15.343 -488.566 1275.997 
42.692 -453.913 1232.716 
-9.617 -480.179 1270.517 
-70.423 -503.704 1329.845 
-82.020 -502.589 1336.887 
-86.216 -498.046 1340.323 
-95.584 -503.033 1344.677 
-105.232 -512.792 1352.133 
-108.696 -512.345 1370.055 
-110.421 -515.696 1364.462 
-110.851 -515.728 1358.260 
-96.107 -527.743 1365.211 
-119.222 -403.806 1206.570 
-132.711 -388.030 1203.719 
-140.937 -387.492 1210.886 
-151.287 -377.878 1198.062 
-157.494 -368.984 1203.117 
-147.813 -364.278 1209.102 
-145.097 -359.301 1213.476 
-143.830 -357.617 1218.139 
-154.870 -340.122 1199.376 
-154.547 -337.267 1199.501 
-153.274 -318.625 1194.853 
-154.464 -319.331 1187.457 
-138.907 -334.282 1221.148 
-140.796 -339.621 1218.409 
-140.669 -337.677 1217.849 
-140.405 -337.464 1218.182 
-139.839 -339.618 1220.463 
-140.344 -339.071 1220.137 
-139.778 -341.184 1220.437 
-138.919 -342.513 1222.368 
-136.781 -348.948 1228.865 
-135.710 -352.961 1228.667 
-156.640 -332.751 1195.566 
-154.877 -330.562 1195.864 
-154.971 -330.843 1196.308 
-154.559 -329.637 1195.761 
-143.830 -329.492 1212.275 
-141.912 -329.013 1216.839 
-142.924 -337.247 1214.544 
-142.714 -336.755 1216.319 
-142.577 -338.017 1216.020 
-148.842 -327.344 1200.340 
-141.935 -338.416 1214.083 
-152.540 -329.246 1185.050 
-154.801 -327.964 1180.137 
-154.616 -326.423 1177.519 
-137.250 -341.601 1205.008 
-135.993 -339.434 1195.521 
-155.719 -325.215 1155.194 
-142.755 -328.134 1159.763 
-151.524 -316.958 1127.794 
-131.896 -318.482 1133.822 
-126.819 -311.207 1119.180 
-125.012 -304.446 1094.761 
-113.389 -303.261 1081.509 
-99.155 -305.494 1072.099 
-83.397 -303.193 1057.988 
-112.230 -295.982 1008.467 
-55.580 -366.646 1171.214 
-57.153 -392.462 1205.983 
0.911 -369.100 1138.093 
-44.150 -400.487 1225.541 
-31.673 -403.313 1247.022 
3.398 -422.785 1233.882 
9.349 -423.571 1242.672 
19.391 -422.087 1239.433 
17.662 -433.199 1250.630 
12.854 -419.131 1286.220 
13.788 -421.368 1285.380 
18.075 -422.416 1283.386 
25.103 -451.367 1262.424 
22.183 -464.713 1262.475 
18.278 -473.697 1265.462 
21.005 -468.577 1263.514 
21.602 -475.953 1266.939 
33.754 -447.647 1253.927 
28.568 -449.329 1259.668 
-3.177 -442.625 1296.725 
-16.967 -430.454 1317.977 
-40.755 -453.935 1339.264 
-48.321 -456.292 1343.061 
-40.054 -475.734 1302.291 
-51.857 -479.575 1309.766 
-59.187 -480.196 1314.678 
-65.551 -488.002 1324.106 
-69.046 -491.597 1319.198 
-77.863 -497.556 1321.476 
-92.591 -518.731 1363.518 
-93.603 -518.540 1366.302 
-96.506 -519.390 1368.843 
-98.156 -519.793 1368.952 
-116.731 -440.879 1191.072 
-102.498 -520.828 1360.984 
-99.291 -509.473 1352.931 
-115.415 -401.106 1194.662 
-119.115 -405.077 1207.647 
-131.016 -378.750 1167.364 
-130.867 -368.963 1170.710 
-131.812 -357.784 1168.701 
-116.389 -395.299 1237.394 
-93.062 -425.569 1303.029 
-116.906 -391.098 1237.534 
-135.494 -359.108 1172.777 
-118.103 -382.982 1228.563 
-135.276 -367.041 1175.892 
-119.001 -380.334 1229.181 
-123.310 -369.718 1211.679 
-123.800 -370.342 1213.642 
-122.925 -374.230 1215.958 
-125.633 -369.465 1214.941 
-123.266 -372.591 1218.810 
-123.455 -372.938 1217.840 
-122.088 -375.770 1217.830 
-122.722 -373.239 1215.769 
-123.059 -373.568 1212.421 
-120.460 -379.341 1221.106 
-120.149 -379.227 1224.024 
-122.939 -376.820 1216.862 
-136.980 -360.466 1160.809 
-122.289 -378.586 1220.233 
-135.961 -359.306 1168.861 
-136.453 -360.454 1173.658 
-128.875 -371.113 1218.706 
-128.375 -367.648 1212.977 
-140.225 -360.446 1200.872 
-140.630 -362.960 1209.161 
-165.308 -345.303 1183.693 
-170.768 -338.435 1192.292 
-174.574 -337.894 1197.428 
-182.617 -334.258 1194.088 
-186.032 -332.818 1191.439 
-190.258 -328.031 1182.230 
-189.752 -323.960 1170.156 
-189.528 -319.269 1159.184 
-176.203 -318.689 1141.066 
-163.338 -315.891 1122.596 
-144.775 -312.980 1102.098 
-132.170 -307.275 1078.023 
-106.520 -305.915 1059.138 
-72.651 -304.627 1045.228 
-40.676 -305.341 1034.709 
-41.896 -343.612 1087.398 
31.352 -325.332 1057.005 
76.979 -321.560 1044.618 
-22.053 -311.056 1153.619 
-17.154 -326.193 1180.535 
-12.145 -333.118 1198.277 
-13.497 -337.346 1213.698 
11.044 -324.330 1221.506 
13.246 -319.901 1234.689 
4.876 -321.092 1250.469 
2.802 -324.038 1250.959 
-0.870 -329.174 1236.539 
-6.764 -341.494 1231.009 
2.443 -478.377 1273.270 
-1.229 -489.055 1278.313 
-13.252 -493.609 1287.303 
-25.378 -501.224 1296.179 
-31.969 -510.467 1302.210 
-37.793 -510.383 1311.990 
-57.650 -507.494 1339.552 
-44.454 -511.322 1319.901 
-51.449 -510.902 1332.031 
-57.709 -512.111 1338.668 
-58.898 -505.711 1330.432 
-60.025 -503.206 1315.251 
-74.986 -512.330 1335.238 
-92.803 -526.137 1375.892 
-90.487 -525.760 1376.569 
-89.944 -524.697 1378.539 
-88.094 -522.789 1376.159 
-84.830 -517.049 1326.876 
-104.505 -449.815 1211.784 
-119.309 -421.961 1178.052 
-87.246 -478.173 1353.874 
-88.357 -487.159 1352.144 
-129.627 -431.480 1180.501 
-134.862 -432.426 1183.393 
-136.207 -428.681 1175.028 
-119.818 -462.940 1226.097 
-137.332 -434.445 1185.099 
-134.515 -423.307 1185.459 
-135.883 -423.511 1190.800 
-134.501 -425.739 1190.397 
-132.933 -425.623 1184.770 
-131.314 -425.034 1185.077 
-125.753 -414.653 1196.226 
-98.881 -506.837 1329.906 
-98.832 -509.924 1323.468 
-129.197 -422.398 1185.420 
-112.634 -518.101 1306.215 
-111.735 -519.246 1316.830 
-108.360 -519.380 1319.062 
-135.702 -428.642 1191.243 
-106.214 -520.705 1324.677 
-105.535 -519.886 1326.251 
-102.723 -518.898 1339.021 
-107.314 -514.768 1313.702 
-133.302 -424.119 1191.251 
-138.879 -421.247 1165.952 
-112.938 -467.222 1241.926 
-136.472 -420.513 1174.037 
-118.182 -460.060 1241.785 
-141.361 -433.086 1202.155 
-115.397 -350.559 1175.174 
-116.395 -354.986 1192.412 
-128.095 -350.115 1174.590 
-136.858 -347.635 1170.102 
-148.879 -348.194 1165.937 
-153.789 -349.803 1168.915 
-163.214 -347.312 1165.663 
-173.663 -347.208 1168.687 
-181.090 -349.565 1171.163 
-183.653 -353.832 1179.799 
-198.083 -351.381 1164.409 
-196.501 -358.390 1164.918 
-197.528 -357.556 1159.778 
-202.140 -352.416 1139.201 
-194.019 -351.663 1127.622 
-187.351 -345.151 1104.723 
-170.610 -341.017 1088.340 
-153.712 -338.523 1068.759 
-119.748 -344.528 1067.498 
-88.610 -344.040 1066.508 
-63.789 -331.186 1046.083 
-56.586 -395.122 1178.084 
-29.968 -377.980 1204.433 
-15.804 -410.919 1171.834 
-4.813 -386.554 1210.665 
-5.398 -417.710 1220.185 
25.535 -409.326 1192.648 
22.936 -420.033 1210.273 
0.173 -408.293 1273.364 
1.964 -397.291 1283.130 
9.470 -406.824 1268.618 
18.257 -409.712 1262.984 
16.740 -411.048 1266.687 
5.367 -398.140 1286.986 
12.675 -402.437 1285.177 
15.647 -410.218 1289.256 
6.772 -408.687 1296.328 
0.660 -428.493 1304.568 
-8.175 -444.331 1308.531 
-25.458 -323.134 1419.509 
-31.160 -430.759 1341.516 
-40.819 -432.671 1354.406 
-45.783 -433.442 1357.093 
-22.907 -450.816 1294.148 
-13.898 -444.964 1274.173 
-11.263 -437.018 1257.632 
-20.205 -428.308 1255.423 
-36.902 -429.705 1257.328 
-50.731 -437.665 1271.519 
-23.425 -436.278 1291.862 
-28.205 -433.518 1294.880 
-41.526 -424.167 1310.313 
-48.604 -419.804 1321.298 
-50.559 -422.442 1322.961 
-95.195 -369.239 1165.306 
-98.428 -366.784 1154.043 
-111.008 -364.537 1160.624 
-107.446 -366.881 1169.634 
-118.222 -363.605 1137.591 
-116.364 -358.650 1151.567 
-116.298 -358.131 1161.679 
-118.532 -355.927 1152.770 
-115.849 -356.376 1158.313 
-119.550 -356.630 1155.941 
-118.442 -357.039 1158.688 
-111.673 -364.210 1182.460 
-112.031 -368.271 1184.559 
-117.178 -359.223 1159.587 
-111.105 -371.095 1192.956 
-117.493 -362.113 1162.105 
-118.275 -359.612 1163.944 
-114.543 -362.393 1181.479 
-118.278 -359.348 1176.326 
-113.806 -364.612 1176.253 
-114.382 -368.164 1182.693 
-117.591 -366.913 1169.824 
-117.403 -370.414 1174.882 
-119.165 -369.187 1171.185 
-119.741 -376.154 1184.818 
-119.823 -374.928 1184.614 
-119.155 -378.181 1192.207 
-118.348 -379.876 1196.776 
-120.275 -375.799 1185.643 
-119.879 -378.345 1189.919 
-121.027 -376.530 1184.141 
-129.264 -366.901 1156.725 
-121.462 -375.537 1184.325 
-121.673 -378.726 1187.128 
-121.502 -374.473 1184.724 
-122.978 -374.076 1179.010 
-119.017 -372.269 1179.431 
-120.819 -374.398 1179.606 
-121.011 -375.106 1179.580 
-120.954 -375.921 1176.225 
-129.849 -368.211 1147.324 
-117.720 -378.734 1181.574 
-126.152 -370.172 1139.645 
-118.684 -379.183 1175.467 
-119.032 -373.729 1146.887 
-118.473 -371.932 1157.595 
-119.131 -367.240 1134.641 
-121.198 -368.056 1120.468 
-109.763 -364.515 1126.583 
-99.963 -364.002 1122.729 
-92.871 -361.742 1108.478 
-76.841 -361.737 1103.526 
-56.759 -359.325 1093.942 
-58.761 -436.715 1276.148 
-31.340 -405.467 1267.983 
-26.717 -391.827 1273.685 
-17.161 -433.862 1258.252 
-14.468 -438.964 1286.577 
-4.429 -438.243 1272.793 
73.587 -378.262 1624.578 
72.777 -386.943 1615.813 
64.650 -389.341 1595.470 
60.422 -389.538 1564.000 
26.486 -458.294 1263.996 
-19.788 -454.190 1316.042 
-34.191 -478.280 1311.314 
-12.688 -505.666 1290.852 
-19.097 -504.135 1299.577 
-72.992 -390.001 1428.450 
-72.036 -427.024 1382.494 
-88.521 -489.745 1501.145 
-87.279 -482.300 1491.807 
-21.655 -509.245 1293.420 
-26.385 -512.185 1295.313 
-44.946 -515.291 1305.607 
-64.042 -515.455 1332.806 
-68.528 -518.402 1335.951 
-71.035 -509.619 1339.718 
-83.218 -503.148 1367.643 
-83.792 -510.667 1369.060 
-84.911 -515.576 1366.212 
-78.457 -522.134 1354.659 
-81.675 -522.263 1350.723 
-83.223 -526.261 1338.580 
-100.284 -525.403 1406.861 
-99.502 -514.725 1353.643 
-94.732 -536.633 1339.959 
-104.807 -506.746 1419.087 
-103.427 -513.172 1409.860 
-108.984 -499.125 1367.185 
-116.276 -489.320 1351.425 
-123.008 -500.325 1358.184 
-122.880 -506.930 1355.223 
-122.228 -507.944 1358.044 
-117.369 -509.563 1359.492 
-113.912 -507.544 1363.733 
-105.692 -505.926 1364.902 
-105.565 -509.655 1361.233 
-104.309 -515.042 1357.430 
-105.715 -520.395 1357.157 
-95.244 -513.750 1351.630 
-72.426 -448.633 1200.624 
-98.974 -429.237 1170.440 
-104.969 -407.450 1165.730 
-89.414 -479.536 1243.090 
-68.992 -515.912 1316.568 
-95.471 -424.723 1182.265 
-87.897 -481.891 1243.929 
-73.405 -515.632 1360.848 
-93.624 -474.749 1380.757 
-70.435 -534.090 1346.164 
-88.284 -490.273 1372.572 
-91.054 -489.946 1379.671 
-99.741 -501.652 1386.579 
-104.406 -509.192 1391.615 
-94.301 -503.111 1384.958 
-73.194 -493.515 1369.563 
-67.036 -460.489 1249.927 
-76.965 -502.164 1356.857 
-85.837 -510.445 1353.629 
-100.817 -515.876 1349.882 
-98.995 -516.651 1351.597 
-108.611 -493.225 1378.483 
-116.421 -484.766 1387.979 
-116.179 -497.428 1383.294 
-131.714 -432.468 1197.535 
-117.866 -466.034 1245.828 
-130.517 -425.373 1181.342 
-109.645 -456.902 1217.301 
-125.155 -426.429 1178.220 
-107.282 -502.697 1375.033 
-104.937 -505.053 1375.032 
-109.132 -507.550 1382.271 
-109.756 -513.481 1372.904 
-111.545 -513.420 1369.334 
-102.908 -520.675 1352.488 
-97.410 -522.781 1340.108 
-54.873 -519.073 1290.000 
-53.605 -509.356 1296.853 
-48.554 -508.975 1297.004 
-50.490 -500.876 1310.641 
-60.223 -492.540 1338.475 
-61.118 -491.026 1339.340 
-59.330 -494.493 1336.939 
-57.025 -501.821 1335.607 
-32.481 -512.321 1303.885 
-33.944 -514.790 1309.419 
-32.478 -514.513 1308.697 
-29.520 -512.105 1307.892 
-53.549 -508.586 1331.039 
-67.812 -499.483 1342.792 
-91.511 -451.321 1387.548 
-93.023 -417.275 1408.101 
-94.960 -435.752 1404.422 
-93.551 -459.226 1391.059 
-94.090 -474.735 1381.482 
-92.572 -488.262 1379.979 
-87.601 -497.991 1372.876 
-85.762 -501.784 1374.559 
-91.680 -504.562 1386.170 
-87.899 -525.969 1371.892 
-75.758 -527.008 1365.174 
-70.487 -525.944 1364.171 
-68.703 -528.106 1358.001 
-67.414 -523.953 1347.636 
-55.190 -514.769 1316.232 
-59.413 -508.685 1304.372 
-63.805 -509.650 1310.864 
-81.926 -520.931 1379.383 
-82.813 -520.609 1380.772 
-80.683 -521.652 1380.531 
-78.451 -523.816 1377.047 
-88.698 -531.065 1340.875 
-85.027 -527.491 1328.029 
-95.767 -421.952 1163.263 
-85.271 -453.482 1228.124 
-87.967 -464.579 1240.992 
-103.542 -414.292 1182.761 
-90.109 -455.140 1233.969 
-103.344 -421.887 1192.823 
-99.605 -421.481 1190.312 
-99.063 -422.242 1192.276 
-93.598 -435.349 1210.816 
-92.825 -434.797 1208.910 
-100.617 -416.754 1182.504 
-100.980 -415.039 1178.381 
-87.247 -450.645 1226.626 
-98.155 -414.719 1180.764 
-85.709 -420.311 1198.120 
-85.916 -398.021 1183.678 
-80.678 -406.796 1194.695 
-71.913 -395.834 1204.441 
-70.624 -390.032 1202.646 
-70.233 -371.871 1188.123 
-68.351 -370.035 1197.620 
-65.882 -371.930 1197.738 
-69.777 -362.006 1185.851 
-71.122 -357.945 1175.535 
-74.231 -359.565 1173.798 
-70.377 -364.195 1177.261 
-72.315 -360.251 1169.348 
-72.198 -360.331 1172.852 
-72.700 -367.172 1173.792 
-73.825 -366.563 1177.558 
-73.876 -367.056 1172.181 
-72.913 -368.561 1177.218 
-73.500 -368.298 1174.796 
-80.360 -351.022 1145.552 
-79.026 -353.686 1147.867 
-74.757 -353.829 1142.960 
-74.494 -350.821 1132.591 
-77.097 -341.065 1099.494 
-67.510 -343.858 1112.354 
-57.531 -343.271 1116.616 
-55.622 -345.490 1107.299 
-48.552 -352.546 1097.505 
-48.012 -338.234 1077.876 
-42.244 -422.333 1197.656 
-37.701 -415.941 1194.740 
-18.679 -413.997 1213.467 
-12.233 -413.102 1224.097 
0.624 -408.828 1176.806 
-11.085 -419.373 1231.114 
9.595 -417.519 1204.087 
29.841 -415.347 1189.088 
-0.920 -404.347 1270.119 
-56.274 -487.720 1308.819 
-47.251 -485.008 1309.059 
-48.758 -482.488 1312.481 
-37.295 -494.625 1290.138 
-34.992 -495.486 1281.564 
-48.949 -503.426 1288.626 
-43.373 -506.429 1264.766 
17.417 -518.359 1219.448 
38.118 -510.730 1214.672 
77.065 -500.385 1208.019 
82.803 -491.481 1221.298 
72.766 -492.634 1231.909 
57.370 -496.632 1242.958 
38.682 -501.883 1249.966 
53.389 -492.284 1249.369 
50.399 -486.332 1253.380 
-7.219 -500.638 1270.752 
-16.819 -500.886 1276.407 
23.724 -447.952 1273.417 
127.382 -392.254 1206.403 
121.507 -392.032 1196.005 
112.168 -393.167 1188.139 
90.095 -391.598 1186.726 
-33.169 -447.547 1299.936 
-32.670 -449.717 1296.733 
-34.135 -447.404 1293.134 
-35.374 -445.906 1294.201 
-39.900 -448.440 1296.539 
-47.619 -444.989 1289.286 
-45.004 -444.578 1277.853 
-35.620 -428.892 1312.987 
-53.279 -453.681 1292.324 
-40.546 -423.975 1314.386 
-41.273 -426.681 1311.278 
-70.426 -370.607 1148.774 
-47.412 -464.149 1310.464 
-84.643 -375.219 1155.757 
-92.431 -369.634 1141.819 
-91.418 -370.141 1147.175 
-56.401 -441.887 1295.240 
-98.909 -371.647 1145.767 
-95.098 -385.965 1172.894 
-94.962 -382.333 1166.292 
-44.393 -463.651 1295.247 
-65.646 -452.867 1298.348 
-70.809 -537.172 1287.479 
-60.474 -570.780 1273.723 
-51.703 -612.554 1270.620 
-42.442 -643.499 1272.769 
-34.289 -663.513 1278.123 
-27.519 -678.422 1279.541 
-23.527 -684.870 1283.425 
-18.301 -692.352 1288.390 
-12.947 -698.316 1295.243 
-7.586 -702.861 1303.792 
-4.085 -702.745 1310.165 
0.256 -707.831 1318.532 
3.102 -709.860 1325.993 
6.654 -710.917 1332.919 
7.227 -711.057 1337.799 
8.627 -712.716 1342.293 
9.715 -713.734 1345.908 
11.564 -714.224 1350.482 
15.465 -717.078 1353.488 
17.291 -719.039 1354.803 
18.837 -719.168 1356.263 
19.934 -719.437 1358.399 
20.416 -719.734 1361.692 
20.714 -719.899 1365.423 
22.059 -720.475 1363.079 
22.969 -720.931 1362.189 
22.598 -720.568 1363.801 
22.646 -721.143 1365.109 
23.313 -721.642 1366.268 
24.741 -721.747 1365.907 
25.725 -722.852 1366.415 
26.708 -722.879 1368.317 
27.354 -722.885 1369.582 
28.854 -727.960 1364.993 
29.882 -728.666 1363.967 
30.711 -728.985 1362.270 
31.766 -728.844 1359.689 
32.971 -729.573 1358.594 
34.778 -729.068 1357.381 
34.435 -730.643 1351.097 
34.564 -729.551 1345.584 
34.634 -730.884 1340.389 
34.516 -730.919 1335.733 
36.412 -731.183 1331.262 
35.957 -729.947 1327.034 
35.310 -730.781 1325.609 
33.479 -730.703 1326.540 
31.949 -729.700 1327.628 
30.216 -727.240 1327.941 
58.352 -598.409 1223.806 
107.109 -572.291 1132.028 
163.314 -527.842 1077.142 
213.907 -478.183 1054.173 
253.648 -435.007 1054.224 
283.170 -402.998 1066.084 
343.244 -337.525 1139.633 
344.547 -341.444 1155.144 
343.927 -345.154 1169.480 
340.573 -348.773 1182.039 
338.699 -354.230 1191.741 
332.843 -361.351 1198.934 
324.811 -367.642 1203.622 
315.919 -375.269 1205.150 
302.493 -380.098 1203.218 
286.422 -386.331 1199.808 
271.054 -393.053 1194.789 
254.008 -397.301 1187.810 
238.049 -400.130 1179.458 
222.167 -403.862 1169.472 
200.506 -405.900 1159.975 
177.541 -406.464 1148.575 
152.758 -406.412 1138.438 
125.863 -406.407 1130.395 
100.932 -404.835 1124.053 
76.103 -401.967 1116.983 
52.223 -397.956 1112.160 
29.557 -395.204 1108.862 
10.294 -390.018 1104.827 
-11.247 -386.409 1103.551 
-24.736 -384.441 1100.100 
-40.878 -382.838 1118.014 
-53.483 -377.959 1110.932 
-65.678 -375.420 1114.243 
-71.443 -377.755 1117.416 
-77.234 -376.028 1120.945 
-80.229 -375.811 1116.231 
-81.144 -367.551 1134.505 
-81.100 -365.797 1145.275 
-81.151 -371.833 1137.626 
-80.199 -370.279 1144.969 
-77.944 -370.700 1149.511 
-75.991 -370.632 1152.335 
-73.481 -370.993 1139.241 
-73.957 -373.354 1127.140 
-73.500 -369.406 1138.972 
-72.349 -368.062 1145.056 
-72.050 -367.823 1147.069 
-71.976 -367.700 1147.710 
-73.274 -364.139 1144.979 
-74.216 -364.558 1126.255 
-75.093 -361.110 1133.301 
-76.246 -360.909 1131.107 
-78.500 -358.310 1133.686 
-83.497 -358.446 1120.717 
-85.993 -353.148 1127.705 
-89.479 -347.380 1123.167 
-94.098 -341.328 1109.181 
-96.262 -332.856 1101.382 
-98.145 -326.696 1095.819 
-95.973 -323.772 1090.955 
-94.671 -319.495 1088.539 
-92.475 -314.320 1083.512 
-89.272 -313.058 1083.986 
-87.781 -309.279 1082.947 
-85.430 -310.283 1082.240 
-78.867 -313.818 1082.089 
-75.244 -315.195 1082.238 
-72.380 -315.686 1081.420 
-70.742 -315.331 1079.681 
-71.411 -313.273 1077.355 
-68.977 -312.886 1074.973 
-68.372 -311.015 1074.413 
-67.091 -311.652 1075.260 
-66.964 -311.441 1075.820 
-66.782 -310.784 1075.709 
