0.000 0.000 0.000 
0.000 0.000 0.000 
0.000 0.000 0.000 
0.000 0.000 0.000 
0.000 0.000 0.000 
0.000 0.000 0.000 
0.000 0.000 0.000 
0.000 0.000 0.000 
0.000 0.000 0.000 
0.000 0.000 0.000 
0.000 0.000 0.000 
0.000 0.000 0.000 
0.000 0.000 0.000 
0.000 0.000 0.000 
0.000 0.000 0.000 
0.000 0.000 0.000 
0.000 0.000 0.000 
0.000 0.000 0.000 
0.000 0.000 0.000 
0.000 0.000 0.000 
0.000 0.000 0.000 
0.000 0.000 0.000 
0.000 0.000 0.000 
0.000 0.000 0.000 
0.000 0.000 0.000 
0.000 0.000 0.000 
0.000 0.000 0.000 
0.000 0.000 0.000 
0.000 0.000 0.000 
0.000 0.000 0.000 
0.000 0.000 0.000 
0.000 0.000 0.000 
0.000 0.000 0.000 
0.000 0.000 0.000 
0.000 0.000 0.000 
0.000 0.000 0.000 
0.000 0.000 0.000 
0.000 0.000 0.000 
0.000 0.000 0.000 
0.000 0.000 0.000 
0.000 0.000 0.000 
0.000 0.000 0.000 
0.000 0.000 0.000 
0.000 0.000 0.000 
0.000 0.000 0.000 
0.000 0.000 0.000 
0.000 0.000 0.000 
0.000 0.000 0.000 
0.000 0.000 0.000 
0.000 0.000 0.000 
0.000 0.000 0.000 
0.000 0.000 0.000 
0.000 0.000 0.000 
0.000 0.000 0.000 
0.000 0.000 0.000 
0.000 0.000 0.000 
0.000 0.000 0.000 
0.000 0.000 0.000 
0.000 0.000 0.000 
0.000 0.000 0.000 
0.000 0.000 0.000 
0.000 0.000 0.000 
0.000 0.000 0.000 
0.000 0.000 0.000 
0.000 0.000 0.000 
0.000 0.000 0.000 
0.000 0.000 0.000 
0.000 0.000 0.000 
0.000 0.000 0.000 
0.000 0.000 0.000 
0.000 0.000 0.000 
0.000 0.000 0.000 
0.000 0.000 0.000 
0.000 0.000 0.000 
-132.219 -133.818 1359.453 
-128.769 -126.744 1375.026 
-106.414 -46.241 1371.833 
-101.185 13.255 1352.016 
-109.870 -48.331 1372.210 
-133.817 -159.404 1375.298 
-134.615 -159.704 1373.640 
-137.198 -159.881 1360.634 
-134.795 -147.810 1357.597 
-137.366 -162.092 1356.672 
-134.261 -148.261 1357.179 
-135.789 -145.452 1358.378 
-117.353 -135.104 1361.222 
-134.353 -132.321 1363.643 
-136.264 -156.724 1364.075 
-117.027 -36.477 1359.935 
-136.699 -135.142 1358.728 
-118.773 -133.992 1365.183 
-135.140 -160.884 1363.387 
-116.852 -126.535 1375.780 
-111.151 -41.251 1384.274 
-114.296 -25.072 1373.179 
-136.042 -121.244 1361.035 
-116.714 -31.971 1355.180 
-117.625 -48.828 1346.084 
-118.254 -79.689 1329.153 
-119.101 -103.149 1317.515 
-117.732 -129.513 1293.872 
-117.666 -154.969 1274.170 
-111.741 -170.413 1253.860 
-114.735 -188.047 1235.213 
-114.365 -181.010 1223.423 
-103.674 -160.356 1216.173 
-96.656 -146.135 1217.479 
-93.080 -123.322 1213.506 
-96.339 -98.269 1201.990 
-96.788 -92.826 1201.033 
-89.140 -92.284 1192.650 
-83.301 -87.976 1215.187 
-84.451 -75.861 1206.000 
-95.427 -73.218 1193.525 
-93.370 -74.700 1188.011 
-82.718 -82.447 1200.632 
-83.816 -77.314 1188.480 
-86.096 -85.966 1187.596 
-78.737 -110.805 1190.794 
-93.962 -140.589 1192.989 
-77.652 -145.077 1192.083 
-72.256 -135.414 1191.277 
-81.449 -134.659 1178.709 
-86.821 -151.645 1182.561 
-75.809 -140.811 1175.078 
-66.945 -139.444 1171.137 
-58.979 -148.467 1181.606 
-69.049 -145.225 1174.657 
-73.298 -134.195 1177.051 
-57.383 -144.043 1189.831 
-61.291 -128.090 1183.906 
-69.007 -121.208 1179.001 
-57.154 -133.381 1187.905 
-58.607 -129.018 1176.811 
-60.647 -138.232 1175.756 
-62.788 -142.976 1173.749 
-63.810 -142.886 1177.424 
-69.038 -145.676 1182.057 
-62.358 -139.038 1179.232 
-50.292 -159.058 1184.144 
-66.073 -130.695 1187.300 
-48.669 -150.278 1207.625 
-46.403 -154.147 1198.783 
-55.717 -141.006 1201.229 
-51.956 -156.193 1209.598 
-72.144 -143.027 1207.750 
-56.639 -152.991 1193.634 
-68.012 -139.404 1192.362 
-53.962 -156.404 1193.410 
-54.025 -137.003 1189.011 
-50.828 -143.840 1192.333 
-45.796 -139.907 1201.321 
-54.339 -135.862 1206.446 
-45.960 -145.770 1214.016 
-50.430 -149.459 1203.187 
-53.157 -145.346 1199.476 
-51.254 -152.987 1195.247 
-51.759 -137.455 1193.235 
-49.725 -141.118 1194.954 
-49.500 -143.627 1197.310 
-51.834 -133.031 1208.701 
-51.232 -138.539 1190.818 
-52.927 -136.675 1195.670 
-52.069 -144.790 1209.233 
-53.447 -143.007 1215.771 
-48.194 -135.456 1208.441 
-55.164 -138.695 1217.157 
-64.911 -132.056 1210.299 
-49.949 -151.867 1224.770 
-37.804 -149.906 1220.058 
-39.464 -145.945 1211.407 
-36.589 -147.248 1225.017 
-64.600 -145.105 1197.600 
-56.298 -146.222 1210.141 
-52.810 -141.485 1203.498 
-70.498 -147.855 1201.637 
-53.923 -144.692 1195.557 
-51.019 -153.470 1185.780 
-58.633 -153.035 1180.342 
-40.542 -139.578 1188.052 
-11.277 -150.572 1177.668 
-5.378 -154.301 1161.897 
17.035 -177.967 1154.735 
35.265 -196.089 1169.989 
57.516 -204.383 1140.520 
84.931 -200.160 1148.990 
119.533 -176.632 1146.678 
162.630 -173.309 1142.167 
177.569 -174.348 1142.017 
205.358 -183.545 1159.982 
270.453 -173.177 1161.915 
261.608 -177.554 1185.217 
270.485 -154.849 1195.819 
276.186 -144.924 1201.605 
263.401 -188.116 1207.630 
261.920 -242.466 1154.341 
257.692 -238.219 1138.895 
265.157 -200.373 1133.737 
263.241 -201.990 1134.388 
263.064 -198.425 1136.355 
266.893 -145.543 1170.167 
271.339 -131.731 1166.008 
273.551 -132.379 1172.516 
277.015 -137.240 1176.836 
276.139 -181.901 1148.306 
269.303 -136.323 1178.656 
265.016 -134.886 1182.348 
268.292 -134.381 1179.562 
266.878 -135.174 1178.193 
268.519 -139.734 1180.182 
271.322 -156.623 1188.242 
271.109 -151.172 1191.167 
262.484 -152.497 1197.124 
264.682 -149.783 1197.934 
266.960 -143.096 1198.621 
265.918 -145.800 1194.925 
268.236 -142.831 1200.805 
271.016 -143.836 1202.880 
269.609 -144.939 1204.901 
272.054 -144.880 1204.440 
274.991 -145.032 1207.510 
276.802 -147.770 1214.733 
276.246 -151.836 1207.474 
275.868 -150.030 1204.252 
272.270 -144.519 1209.991 
274.720 -143.914 1211.137 
274.934 -149.099 1211.883 
269.425 -143.641 1213.118 
264.534 -149.800 1203.524 
254.045 -146.398 1193.718 
250.485 -154.775 1185.484 
238.371 -142.811 1173.979 
212.317 -139.026 1175.480 
224.260 -164.678 1131.753 
214.507 -160.086 1128.588 
202.492 -165.899 1122.839 
129.040 -130.526 1126.106 
47.668 -329.638 1340.984 
47.732 -303.478 1305.692 
40.540 -248.029 1229.638 
34.170 -170.769 1140.381 
7.426 -189.477 1165.383 
6.887 -204.868 1168.446 
-13.146 -192.609 1135.601 
1.149 -228.641 1183.080 
15.827 -194.722 1193.582 
-7.299 -175.623 1179.061 
-7.699 -191.753 1163.914 
1.123 -207.997 1178.220 
-9.470 -183.207 1147.857 
6.463 -182.001 1152.710 
37.478 -353.584 1276.312 
28.905 -352.544 1349.953 
44.380 -351.945 1352.328 
26.657 -340.586 1332.859 
23.001 -334.848 1317.440 
4.571 -189.757 1146.717 
-2.254 -185.749 1147.025 
0.223 -189.922 1145.856 
2.627 -195.002 1156.859 
1.440 -198.295 1165.168 
9.062 -183.942 1128.069 
-9.858 -164.652 1132.131 
25.169 -321.928 1308.112 
4.722 -204.094 1131.235 
-2.454 -202.127 1120.681 
0.781 -199.975 1162.611 
-4.899 -215.278 1159.385 
6.611 -201.604 1161.743 
42.131 -363.074 1378.668 
33.365 -356.434 1362.987 
32.938 -355.656 1355.609 
30.451 -362.754 1343.612 
26.034 -213.338 1144.096 
23.807 -334.170 1326.525 
3.062 -222.549 1160.284 
5.384 -207.832 1154.319 
3.017 -217.279 1178.308 
12.450 -186.256 1160.258 
2.344 -188.778 1150.946 
7.075 -183.240 1158.378 
6.798 -172.005 1136.182 
4.782 -147.974 1120.757 
10.904 -133.523 1144.260 
13.947 -119.112 1147.906 
17.084 -102.879 1157.853 
19.485 -84.595 1174.487 
17.156 -73.207 1179.350 
13.818 -65.117 1191.255 
10.685 -52.385 1190.001 
9.268 -38.453 1190.132 
3.706 -39.840 1201.295 
3.074 -26.667 1201.816 
5.312 -112.250 1227.228 
8.283 -111.516 1229.928 
8.382 -114.219 1234.120 
3.735 -127.893 1235.495 
12.175 -122.065 1236.420 
11.682 -116.351 1233.526 
12.456 -31.217 1211.881 
12.516 -33.625 1211.767 
15.675 -98.207 1220.366 
17.392 -94.431 1222.133 
18.746 -94.857 1222.675 
17.473 -97.541 1223.300 
17.790 -94.828 1219.174 
17.535 -100.352 1224.685 
13.861 -105.204 1225.068 
17.411 -100.035 1220.521 
6.502 -43.271 1190.574 
15.685 -100.005 1204.374 
6.710 -38.173 1185.031 
8.205 -40.263 1197.702 
7.246 -42.657 1191.876 
7.848 -27.689 1190.661 
8.868 -37.816 1201.388 
11.576 -30.907 1205.668 
9.846 -31.989 1201.777 
8.858 -26.513 1193.605 
11.411 -24.881 1195.463 
10.882 -31.344 1199.250 
12.375 -25.125 1199.094 
8.989 -36.712 1199.755 
12.146 -42.472 1194.271 
13.239 -56.470 1182.142 
15.875 -66.977 1167.317 
15.921 -90.414 1153.226 
15.969 -113.367 1138.464 
9.730 -130.891 1106.472 
4.693 -180.112 1073.806 
-2.164 -226.245 1076.737 
-0.002 -254.892 1117.019 
-2.675 -282.309 1138.785 
-9.568 -303.313 1144.216 
-4.070 -312.182 1147.563 
-8.035 -323.683 1151.369 
-13.815 -327.366 1161.919 
19.177 -260.514 1130.411 
32.140 -260.537 1112.132 
30.298 -259.302 1118.703 
29.937 -257.612 1115.485 
26.454 -245.373 1125.598 
24.850 -243.542 1137.491 
25.126 -244.820 1125.447 
22.039 -236.569 1131.332 
13.648 -243.368 1121.549 
23.293 -239.216 1128.114 
24.037 -231.471 1114.605 
18.856 -238.798 1108.475 
16.742 -239.409 1122.815 
38.356 -229.707 1126.337 
15.035 -213.787 1158.823 
15.751 -216.026 1149.021 
19.805 -222.742 1163.936 
20.445 -223.909 1166.903 
27.147 -233.311 1138.257 
13.240 -246.970 1111.047 
33.201 -236.552 1137.117 
19.595 -239.758 1136.454 
27.014 -227.971 1150.206 
20.975 -252.241 1108.140 
29.218 -241.569 1145.458 
25.001 -234.372 1132.227 
23.014 -234.475 1155.647 
19.302 -241.682 1140.051 
26.078 -229.352 1157.555 
26.670 -225.814 1156.900 
24.090 -228.971 1120.678 
35.899 -216.390 1165.176 
31.166 -305.742 1248.044 
21.087 -221.623 1114.224 
16.497 -215.267 1143.940 
9.914 -206.780 1119.459 
3.252 -176.346 1108.489 
3.995 -158.637 1114.172 
-0.279 -124.228 1109.770 
-3.062 -89.283 1099.176 
2.089 -62.165 1118.121 
9.725 -27.497 1135.367 
8.866 -6.215 1150.839 
11.132 8.779 1177.793 
11.961 26.916 1196.624 
8.654 29.218 1211.979 
11.347 -56.907 1247.270 
2.590 -68.858 1252.101 
1.026 13.529 1237.068 
-2.615 14.878 1236.289 
-11.745 1.229 1227.938 
-14.859 -2.486 1220.171 
-55.373 -285.192 1280.827 
-57.697 -306.320 1283.000 
9.357 -221.163 1104.059 
6.791 -227.711 1101.204 
8.523 -226.582 1099.093 
10.093 -225.463 1103.087 
5.526 -225.209 1107.081 
5.809 -221.386 1108.487 
7.087 -220.040 1105.692 
9.071 -218.122 1110.850 
10.650 -218.972 1117.908 
8.929 -219.892 1117.303 
7.474 -217.728 1115.208 
5.179 -217.100 1110.734 
4.583 -218.229 1109.763 
4.852 -218.991 1108.516 
4.124 -218.056 1110.805 
5.319 -220.140 1112.784 
6.491 -224.432 1116.440 
5.776 -220.984 1121.201 
4.048 -219.903 1119.415 
-1.340 -221.415 1122.020 
3.805 -218.317 1122.006 
1.317 -216.665 1123.344 
-7.381 -222.876 1119.613 
-4.543 -216.524 1118.104 
-6.833 -213.905 1110.727 
-10.366 -213.379 1101.562 
-14.003 -221.016 1101.919 
4.482 -212.659 1114.424 
-1.897 -206.980 1115.294 
-6.245 -206.213 1112.241 
-7.627 -213.206 1100.900 
-1.455 -224.112 1105.220 
-0.754 -215.285 1108.644 
10.382 -218.890 1105.703 
-5.973 -223.512 1106.712 
-3.403 -218.979 1102.404 
10.896 -220.793 1105.130 
7.186 -220.193 1107.240 
8.824 -221.782 1092.046 
10.516 -215.709 1107.839 
9.597 -227.151 1108.093 
18.479 -209.099 1273.723 
7.424 -290.510 1236.982 
42.885 -103.323 1470.751 
9.724 -134.842 1477.586 
0.102 -260.172 1342.365 
4.971 -221.140 1115.992 
0.327 -222.712 1112.631 
-0.971 -228.503 1109.748 
4.274 -222.471 1108.462 
1.801 -223.812 1104.353 
3.428 -221.309 1106.475 
11.337 -218.724 1119.211 
-2.356 -221.727 1092.694 
0.903 -220.184 1090.664 
-2.986 -217.152 1094.197 
0.219 -218.692 1096.961 
2.366 -227.822 1108.548 
7.077 -277.232 1195.819 
8.958 -217.465 1135.958 
1.229 -220.235 1096.041 
1.538 -218.129 1101.725 
3.302 -221.861 1102.024 
-1.754 -219.033 1099.590 
0.158 -223.921 1100.161 
8.211 -218.870 1119.107 
13.154 -224.495 1094.362 
2.827 -219.057 1100.359 
-0.451 -222.005 1096.194 
7.814 -224.109 1203.701 
5.025 -223.346 1167.778 
-5.916 -221.692 1105.336 
7.672 -209.799 1122.850 
12.559 -216.615 1146.557 
3.564 -204.377 1140.047 
13.323 -201.759 1141.994 
15.831 -195.592 1149.436 
16.601 -191.076 1154.746 
19.504 -190.710 1162.027 
12.674 -190.366 1173.069 
2.368 -205.411 1181.845 
-4.242 -219.444 1183.157 
2.528 -223.971 1141.958 
-13.019 -156.729 1201.175 
-35.058 -144.440 1206.665 
-21.623 -149.013 1216.669 
-17.307 -145.176 1213.052 
-14.302 -105.227 1228.913 
-16.017 -213.642 1398.400 
-8.568 -234.417 1282.069 
-25.733 -225.155 1292.004 
-30.932 -178.389 1245.571 
-57.741 -62.401 1191.084 
-48.887 -71.174 1175.772 
-42.907 -78.447 1164.021 
-41.446 -84.296 1151.032 
-32.088 -102.931 1177.556 
-29.962 -111.797 1185.536 
-28.741 -132.786 1192.182 
-32.954 -156.596 1207.876 
-14.998 -325.337 1301.023 
-16.114 -305.909 1304.918 
-14.957 -287.341 1306.221 
-31.260 -125.694 1175.998 
-32.241 -105.836 1260.648 
-35.287 -95.268 1256.580 
-34.440 -99.881 1244.547 
-32.508 -140.178 1293.034 
-32.327 -135.195 1289.069 
-31.568 -139.473 1291.146 
-31.666 -139.882 1292.474 
-38.814 -144.953 1294.584 
12.696 -205.816 1299.515 
12.398 -214.892 1302.298 
15.738 -218.788 1298.944 
10.647 -216.185 1179.709 
14.739 -197.029 1150.781 
7.270 -163.556 1147.130 
7.193 -196.883 1139.037 
6.874 -201.907 1134.801 
-0.794 -201.385 1138.314 
14.126 -204.543 1151.819 
23.119 -208.901 1155.005 
18.467 -198.458 1141.233 
15.133 -205.119 1140.667 
16.446 -209.211 1132.085 
16.492 -218.260 1164.806 
15.839 -213.106 1157.194 
12.717 -185.905 1180.957 
11.457 -209.948 1148.758 
14.259 -207.047 1141.918 
16.518 -207.039 1151.452 
16.342 -207.367 1150.661 
15.836 -206.522 1149.076 
23.065 -205.207 1144.645 
21.751 -208.572 1147.041 
22.087 -209.086 1147.657 
22.132 -213.637 1152.387 
21.761 -215.593 1157.611 
20.653 -218.598 1155.058 
18.912 -215.453 1152.981 
15.896 -215.932 1145.706 
16.773 -214.903 1149.523 
14.253 -218.226 1150.397 
10.877 -219.114 1145.868 
4.590 -221.411 1124.412 
2.580 -218.081 1105.900 
10.434 -218.649 1124.700 
9.538 -217.697 1131.946 
10.837 -216.725 1126.560 
13.861 -216.458 1127.989 
4.272 -213.158 1101.990 
11.560 -214.753 1117.405 
13.694 -215.521 1132.070 
13.358 -216.504 1128.949 
11.065 -209.241 1128.369 
13.160 -213.465 1127.136 
13.469 -215.127 1123.820 
13.690 -213.693 1125.419 
19.845 -212.556 1132.797 
14.795 -208.904 1128.917 
17.221 -212.923 1130.463 
17.221 -219.553 1138.727 
15.957 -210.761 1136.918 
18.502 -217.098 1129.777 
0.988 -197.551 1141.059 
15.795 -222.784 1128.969 
18.808 -219.444 1131.875 
16.754 -224.129 1130.289 
12.772 -214.853 1133.552 
18.967 -216.509 1138.444 
18.118 -217.786 1137.712 
13.332 -217.943 1131.749 
18.714 -215.047 1136.149 
14.551 -220.279 1131.498 
19.576 -221.162 1136.574 
14.393 -217.962 1136.196 
19.970 -213.710 1141.500 
21.967 -212.368 1144.406 
14.643 -215.035 1138.210 
18.471 -215.581 1135.238 
14.849 -215.356 1134.630 
19.476 -212.998 1137.090 
20.087 -219.485 1140.322 
18.990 -219.825 1140.620 
15.294 -214.589 1144.482 
18.376 -214.534 1138.632 
17.920 -216.201 1137.429 
15.492 -227.042 1124.578 
52.908 -197.191 1114.855 
64.111 -183.922 1111.519 
83.911 -198.842 1114.852 
95.846 -179.889 1098.702 
123.433 -166.581 1108.682 
149.290 -166.948 1118.675 
173.955 -165.764 1122.498 
195.054 -157.444 1107.753 
165.077 -213.681 1108.356 
179.531 -214.384 1119.714 
192.214 -219.791 1140.629 
277.749 -147.816 1162.561 
205.810 -220.158 1150.633 
220.109 -220.088 1157.675 
306.786 -153.971 1189.056 
311.143 -156.073 1196.653 
314.678 -162.369 1204.096 
316.841 -172.492 1213.889 
322.876 -174.610 1221.505 
321.129 -180.962 1220.390 
279.173 -219.683 1177.542 
277.903 -227.980 1179.410 
275.740 -230.275 1180.428 
275.019 -231.052 1186.950 
275.990 -228.035 1188.258 
278.155 -224.767 1193.514 
314.795 -181.863 1224.203 
313.208 -176.283 1226.585 
310.597 -176.769 1223.558 
309.380 -178.612 1218.879 
303.610 -176.976 1212.184 
295.948 -178.380 1202.443 
294.590 -175.703 1193.437 
281.231 -212.966 1143.387 
272.326 -214.845 1127.932 
267.533 -212.645 1119.073 
265.825 -212.826 1118.547 
264.531 -211.403 1115.826 
249.034 -196.752 1108.408 
239.477 -198.454 1107.172 
211.903 -160.806 1114.778 
187.544 -147.349 1079.151 
177.415 -145.852 1078.547 
135.679 -113.588 1112.940 
133.332 -136.278 1106.781 
115.039 -146.776 1100.972 
81.032 -161.415 1089.038 
72.387 -173.055 1089.620 
65.814 -175.551 1090.189 
55.251 -179.392 1112.746 
42.397 -188.594 1103.900 
37.447 -192.831 1105.092 
26.888 -211.047 1095.578 
21.317 -209.166 1093.213 
-4.087 -232.802 1245.583 
-3.076 -233.494 1246.637 
0.059 -226.437 1241.520 
4.784 -224.230 1247.836 
4.923 -223.445 1243.755 
9.076 -220.095 1244.937 
27.339 -223.682 1176.603 
32.877 -187.933 1142.782 
29.722 -188.335 1138.295 
21.879 -189.434 1129.678 
21.753 -188.081 1124.425 
27.654 -221.019 1121.229 
35.875 -223.719 1107.953 
-3.774 -227.651 1250.250 
-5.883 -228.475 1247.168 
-1.820 -228.634 1255.643 
12.049 -322.161 1281.942 
19.408 -302.675 1295.248 
20.823 -203.416 1114.731 
24.476 -201.167 1077.668 
3.034 -223.371 1145.079 
3.944 -178.256 1080.192 
-13.421 -284.277 1203.721 
2.849 -164.515 1106.340 
10.283 -182.508 1161.739 
10.405 -122.343 1122.285 
21.637 -140.056 1172.460 
19.482 -63.741 1127.061 
24.583 -23.628 1131.387 
26.927 -4.153 1134.666 
24.393 7.889 1148.801 
27.458 22.427 1156.944 
22.247 27.831 1165.160 
12.715 16.167 1170.564 
2.115 6.116 1169.187 
1.296 8.846 1179.796 
9.693 2.874 1182.617 
11.838 5.066 1183.555 
10.949 1.943 1184.583 
6.424 -1.755 1181.940 
-18.007 -285.045 1247.999 
-6.557 -195.448 1159.821 
-10.310 -3.649 1136.108 
-11.498 -5.171 1131.615 
-12.110 -7.911 1132.919 
-10.126 -205.639 1145.546 
-16.873 -21.829 1123.934 
-14.187 -24.453 1122.307 
-17.015 -38.009 1132.561 
-15.111 -31.971 1138.674 
-12.570 -42.200 1133.723 
-10.438 -51.626 1120.121 
-9.187 -60.023 1114.225 
-11.961 -68.151 1109.861 
-12.915 -77.824 1102.072 
-9.013 -91.345 1097.377 
-8.430 -83.253 1099.668 
-8.424 -99.834 1092.325 
28.760 -126.029 1030.238 
-6.159 -123.313 1081.759 
-2.985 -203.824 1312.767 
-16.208 -220.323 1343.839 
-31.938 -169.751 1434.854 
-31.160 -168.154 1445.911 
-50.273 -212.884 1440.151 
-47.877 -250.619 1432.789 
-18.106 -267.072 1315.424 
-22.315 -271.871 1324.123 
-21.386 -267.719 1327.625 
-17.935 -272.160 1319.205 
-5.767 -288.643 1274.364 
30.883 -241.971 1118.896 
32.743 -253.345 1138.679 
7.365 -277.077 1185.893 
4.056 -282.653 1197.557 
3.615 -284.052 1201.494 
3.509 -284.083 1206.979 
4.138 -282.218 1212.523 
39.627 -237.678 1098.952 
5.670 -314.510 1259.794 
-9.167 -402.955 1267.912 
2.209 -454.742 1274.579 
2.343 -501.058 1285.230 
5.179 -534.277 1297.402 
9.659 -555.876 1313.205 
13.289 -573.402 1327.459 
16.019 -585.432 1340.305 
18.961 -595.003 1353.839 
19.828 -601.414 1366.491 
20.193 -606.301 1376.496 
21.609 -610.478 1388.409 
24.009 -501.531 1304.231 
27.088 -478.354 1224.171 
32.612 -431.613 1173.048 
36.506 -389.417 1139.913 
38.837 -353.547 1119.411 
40.593 -327.191 1108.071 
41.264 -262.566 1095.295 
41.878 -262.891 1093.683 
41.630 -262.130 1094.539 
41.637 -261.105 1092.170 
42.271 -260.692 1093.467 
39.672 -258.374 1099.645 
40.436 -258.865 1099.633 
39.313 -259.049 1101.627 
39.344 -259.412 1101.394 
40.397 -260.803 1099.744 
39.219 -260.063 1102.381 
42.493 -260.422 1098.438 
43.804 -262.369 1094.840 
43.710 -262.361 1093.952 
43.054 -259.827 1095.885 
40.959 -255.703 1101.512 
40.460 -250.755 1102.676 
39.479 -247.401 1102.165 
38.955 -244.471 1102.436 
39.461 -240.500 1102.576 
39.673 -234.442 1101.397 
38.675 -225.802 1101.496 
38.706 -217.761 1097.747 
37.805 -209.047 1093.667 
37.432 -199.932 1095.839 
37.832 -186.865 1089.570 
37.194 -177.729 1089.454 
37.313 -165.445 1090.340 
37.541 -154.087 1089.652 
37.321 -146.062 1091.856 
36.570 -135.039 1093.245 
37.166 -123.660 1094.688 
37.795 -110.174 1097.181 
37.053 -92.329 1101.451 
37.455 -74.174 1104.104 
37.627 -57.494 1109.332 
36.831 -40.923 1116.799 
37.264 -22.644 1124.971 
37.440 -2.486 1133.835 
36.593 13.867 1144.447 
37.511 28.698 1154.138 
35.365 38.732 1166.963 
32.034 47.279 1178.584 
28.883 55.253 1188.063 
27.719 58.872 1194.837 
26.945 64.003 1197.078 
26.705 67.196 1196.926 
25.401 66.383 1197.678 
24.975 64.590 1197.132 
24.556 63.614 1195.345 
23.166 67.096 1195.233 
21.619 69.743 1196.164 
21.945 67.679 1192.714 
22.301 65.513 1191.923 
21.847 65.211 1190.828 
22.957 63.795 1187.182 
21.878 63.022 1187.648 
23.131 61.807 1185.689 
21.928 58.965 1186.010 
22.199 59.898 1184.640 
22.342 60.928 1183.396 
21.525 62.074 1183.938 
20.752 59.753 1183.862 
20.145 57.779 1182.661 
19.002 57.674 1183.624 
19.546 56.032 1183.821 
20.668 58.036 1181.824 
21.625 59.321 1181.245 
20.724 57.772 1180.260 
19.334 57.224 1180.793 
18.733 56.615 1180.564 
20.274 51.571 1174.934 
20.448 48.487 1169.700 
20.116 43.840 1162.701 
20.922 36.630 1153.127 
21.655 25.347 1143.736 
22.268 10.761 1132.968 
23.369 -5.029 1121.254 
22.753 -28.911 1112.028 
22.767 -56.152 1102.720 
24.247 -77.808 1097.150 
24.025 -105.137 1089.836 
24.302 -131.606 1085.664 
25.020 -157.632 1085.381 
26.594 -179.676 1085.806 
26.373 -201.897 1088.779 
29.168 -214.796 1087.848 
29.658 -229.842 1089.172 
28.900 -242.627 1090.981 
28.792 -250.117 1087.975 
28.057 -255.858 1090.633 
28.102 -256.218 1088.686 
27.492 -257.435 1086.932 
27.003 -257.247 1085.423 
25.952 -258.186 1088.414 
25.297 -258.405 1090.015 
24.753 -258.401 1089.854 
24.474 -258.459 1090.176 
24.678 -258.666 1091.005 
24.771 -258.557 1090.923 
25.746 -257.240 1087.089 
25.351 -257.944 1088.046 
25.003 -258.214 1089.354 
24.800 -258.450 1090.764 
25.723 -256.275 1091.213 
25.960 -256.241 1088.108 
26.011 -256.707 1087.425 
26.667 -256.308 1084.862 
27.227 -254.632 1084.955 
27.627 -253.834 1085.130 
27.193 -254.726 1086.266 
26.831 -256.150 1087.326 
25.839 -257.717 1090.850 
25.373 -258.590 1093.798 
25.145 -259.009 1095.381 
25.024 -259.186 1096.459 
24.900 -259.144 1096.620 
24.728 -259.075 1096.609 
24.684 -259.102 1097.104 
26.518 -256.400 1097.477 
30.963 -252.004 1095.143 
33.886 -250.415 1093.171 
36.937 -243.361 1095.900 
44.471 -235.570 1096.346 
55.077 -232.730 1093.280 
67.917 -223.662 1097.340 
83.953 -216.069 1101.139 
107.121 -205.909 1100.268 
129.363 -198.892 1102.699 
152.090 -192.327 1109.691 
172.211 -187.909 1121.014 
191.806 -187.117 1132.954 
212.883 -187.524 1145.218 
233.488 -187.902 1158.379 
250.053 -189.665 1173.149 
266.848 -192.599 1187.335 
278.482 -195.165 1201.965 
291.337 -197.051 1215.000 
301.280 -199.164 1226.989 
306.797 -201.709 1236.416 
311.347 -201.823 1244.209 
315.100 -202.561 1249.552 
317.573 -203.094 1253.607 
318.862 -203.390 1256.147 
319.855 -203.635 1258.012 
320.638 -204.636 1258.077 
320.845 -205.091 1257.653 
321.051 -205.337 1257.690 
319.301 -206.787 1258.392 
319.677 -207.302 1258.605 
321.396 -206.222 1257.333 
322.225 -204.643 1255.823 
321.706 -205.885 1255.878 
321.245 -207.655 1255.508 
320.905 -208.586 1255.333 
320.845 -209.044 1255.485 
320.564 -209.167 1254.470 
321.056 -209.029 1253.252 
321.263 -209.458 1252.886 
320.457 -211.458 1252.620 
319.986 -212.470 1252.363 
319.752 -213.015 1252.161 
317.933 -213.873 1251.985 
316.480 -213.510 1251.600 
316.434 -212.311 1252.578 
315.455 -210.051 1252.464 
314.989 -208.860 1252.340 
315.904 -209.241 1251.637 
314.971 -208.327 1250.814 
314.625 -211.242 1249.833 
313.793 -212.556 1247.548 
312.936 -212.990 1244.874 
309.506 -212.918 1239.796 
302.703 -213.975 1233.643 
294.263 -211.726 1225.653 
286.009 -210.681 1214.924 
272.994 -209.536 1204.070 
253.788 -208.123 1190.617 
230.479 -204.887 1178.117 
207.097 -204.705 1162.765 
181.845 -202.477 1148.259 
153.961 -200.595 1135.879 
123.729 -201.758 1125.204 
95.405 -207.202 1116.491 
71.541 -214.076 1112.684 
51.488 -210.279 1110.307 
36.564 -212.805 1113.008 
25.049 -212.928 1108.749 
15.767 -220.327 1110.746 
9.966 -220.685 1110.274 
8.681 -210.975 1128.654 
5.136 -216.683 1122.706 
7.972 -216.214 1143.300 
10.088 -217.319 1154.776 
10.712 -219.362 1159.806 
11.822 -219.498 1163.542 
8.141 -222.759 1141.123 
9.833 -219.619 1151.571 
10.798 -217.565 1158.695 
9.845 -223.574 1136.905 
8.894 -225.280 1117.526 
7.947 -224.518 1106.415 
10.285 -217.370 1135.462 
12.283 -215.387 1150.183 
9.105 -219.753 1129.365 
11.320 -215.681 1147.230 
12.903 -214.710 1156.996 
12.223 -214.791 1159.803 
10.574 -222.060 1137.291 
8.806 -226.694 1125.006 
10.414 -221.815 1144.577 
6.403 -222.190 1134.183 
4.890 -225.374 1119.908 
4.066 -228.270 1111.660 
7.893 -226.126 1137.251 
5.323 -226.245 1130.195 
3.124 -226.539 1124.093 
7.893 -225.476 1144.358 
10.434 -225.643 1154.069 
11.909 -226.045 1159.464 
12.635 -225.640 1161.262 
13.044 -225.412 1162.328 
12.161 -222.783 1160.309 
12.156 -226.251 1140.785 
9.544 -226.745 1126.160 
9.917 -228.819 1117.493 
8.594 -228.458 1113.050 
7.268 -228.399 1107.789 
6.386 -228.248 1104.926 
6.320 -229.044 1105.628 
4.870 -227.554 1110.540 
5.192 -228.996 1110.672 
9.389 -226.013 1136.143 
6.192 -226.675 1132.377 
7.836 -230.583 1121.901 
10.049 -227.355 1141.878 
10.212 -222.712 1151.304 
10.208 -220.212 1155.303 
7.668 -221.764 1135.575 
7.051 -225.112 1120.843 
5.187 -223.141 1110.644 
8.225 -222.268 1104.864 
14.059 -226.465 1102.398 
18.274 -221.967 1104.961 
28.632 -219.509 1112.339 
40.856 -220.405 1110.648 
55.814 -215.512 1111.864 
75.220 -215.486 1113.894 
95.411 -215.638 1118.570 
121.890 -213.742 1122.229 
147.834 -210.418 1130.188 
169.633 -207.603 1141.548 
188.153 -210.270 1155.575 
206.397 -213.599 1169.794 
225.188 -218.846 1181.195 
238.877 -224.014 1193.578 
252.521 -225.961 1204.730 
262.289 -227.278 1215.483 
269.216 -229.841 1223.504 
274.816 -231.515 1230.092 
278.865 -232.384 1235.127 
281.068 -232.501 1239.719 
282.364 -233.389 1241.711 
279.634 -235.345 1243.247 
279.743 -235.574 1243.852 
279.853 -235.996 1242.997 
282.665 -237.098 1241.464 
283.728 -237.612 1239.257 
284.108 -239.734 1238.148 
282.864 -239.765 1237.460 
283.362 -241.839 1234.362 
282.408 -243.297 1232.334 
281.590 -244.001 1231.112 
281.181 -244.332 1230.069 
279.591 -246.092 1230.172 
278.117 -247.519 1230.501 
279.204 -247.891 1231.960 
280.120 -247.992 1231.993 
280.623 -248.405 1232.312 
281.498 -249.169 1232.308 
281.796 -249.572 1233.076 
280.134 -250.942 1233.833 
278.943 -251.672 1233.711 
277.855 -252.100 1232.895 
277.049 -252.033 1231.555 
276.503 -251.915 1230.755 
275.867 -251.667 1230.019 
273.886 -251.533 1229.613 
272.495 -251.676 1230.474 
273.007 -250.409 1229.355 
272.247 -248.725 1229.132 
273.251 -248.508 1228.225 
272.722 -247.906 1229.219 
271.855 -247.359 1229.569 
272.677 -247.586 1228.150 
272.356 -246.549 1228.367 
271.609 -245.682 1227.264 
269.724 -245.874 1226.374 
264.816 -245.053 1226.671 
261.189 -242.570 1227.144 
199.894 -187.994 1249.457 
193.681 -171.414 1269.243 
209.461 -164.746 1282.080 
223.972 -165.123 1292.034 
237.334 -168.893 1296.608 
248.902 -175.830 1298.717 
256.583 -179.069 1297.481 
260.907 -183.362 1295.301 
270.764 -179.189 1294.759 
269.802 -179.846 1298.051 
271.017 -178.090 1298.110 
274.424 -178.700 1297.589 
275.020 -179.951 1296.530 
276.998 -185.841 1294.659 
274.019 -192.514 1295.131 
272.052 -193.956 1295.538 
270.730 -192.474 1296.274 
267.851 -193.187 1298.492 
111.002 -331.446 1424.217 
30.678 -439.200 1494.913 
-8.386 -494.110 1522.133 
-29.587 -523.833 1535.713 
-43.499 -537.224 1541.827 
-52.400 -544.246 1544.161 
-58.277 -549.941 1544.064 
-62.040 -552.871 1541.886 
-64.726 -553.747 1542.742 
-66.436 -553.683 1541.813 
-67.239 -551.843 1540.380 
-68.469 -551.231 1538.578 
-68.018 -548.732 1536.229 
-69.806 -550.029 1533.557 
-72.502 -551.653 1530.340 
-78.640 -550.584 1526.642 
-83.833 -548.720 1520.725 
-87.159 -546.960 1514.284 
-89.381 -547.315 1505.775 
-90.732 -549.483 1499.084 
-91.429 -552.005 1495.093 
-90.239 -553.290 1493.276 
-80.736 -555.328 1487.578 
-74.916 -556.568 1485.127 
-71.050 -554.045 1486.486 
-66.720 -553.669 1484.413 
-69.106 -551.413 1481.369 
-71.867 -550.518 1469.391 
-70.274 -549.314 1447.028 
-71.412 -542.895 1419.708 
-73.884 -530.260 1387.917 
-74.931 -510.728 1352.720 
-78.761 -483.952 1321.153 
-81.535 -453.138 1294.002 
-85.017 -425.008 1240.904 
-88.961 -395.465 1200.963 
-87.496 -354.574 1175.030 
-86.946 -322.043 1153.968 
-84.168 -291.355 1138.640 
-81.048 -261.417 1126.676 
-73.731 -231.369 1117.367 
-64.937 -207.106 1145.446 
-57.336 -189.667 1158.167 
-51.675 -179.782 1144.982 
-43.993 -169.984 1138.675 
-37.412 -163.199 1134.304 
-29.034 -156.378 1131.187 
-17.655 -133.317 1143.428 
-9.071 -126.112 1159.020 
-4.768 -124.569 1168.280 
-2.501 -125.170 1175.094 
-1.447 -125.872 1178.851 
-3.128 -129.647 1182.068 
-1.184 -129.731 1184.955 
-0.309 -129.579 1188.272 
-1.557 -137.403 1197.491 
-1.253 -142.126 1203.239 
-1.055 -144.964 1204.501 
-1.139 -145.752 1202.946 
-1.084 -145.800 1200.742 
-0.840 -145.770 1200.544 
-3.117 -146.704 1197.107 
0.002 -146.473 1194.990 
2.932 -145.558 1195.486 
3.048 -143.386 1193.049 
4.412 -152.028 1203.518 
5.447 -159.167 1207.738 
7.298 -170.354 1216.019 
6.426 -176.313 1215.078 
7.538 -177.518 1212.091 
10.232 -173.694 1205.108 
11.757 -179.914 1213.025 
10.916 -178.865 1212.846 
10.559 -178.926 1215.309 
10.710 -179.693 1219.353 
11.929 -177.967 1220.510 
12.224 -176.471 1218.828 
10.907 -177.763 1218.912 
10.297 -178.103 1216.879 
10.019 -178.092 1215.229 
11.851 -182.705 1218.061 
13.564 -177.105 1209.031 
14.469 -173.613 1205.831 
13.152 -176.104 1211.685 
12.760 -178.190 1215.404 
13.801 -175.458 1211.371 
14.017 -172.889 1207.089 
16.700 -173.968 1204.824 
18.127 -174.961 1203.751 
20.719 -174.606 1205.784 
21.916 -174.585 1207.302 
20.750 -174.147 1207.371 
20.356 -174.014 1208.486 
20.181 -173.624 1207.791 
20.279 -175.810 1210.308 
20.337 -177.945 1213.073 
20.333 -179.777 1216.211 
20.251 -181.010 1217.832 
20.129 -181.933 1218.112 
20.030 -182.013 1218.793 
19.996 -182.059 1219.199 
16.902 -179.629 1220.709 
16.167 -178.098 1221.560 
15.550 -177.133 1220.295 
15.172 -176.082 1218.789 
17.554 -178.562 1218.519 
18.678 -180.833 1218.560 
19.240 -178.757 1217.492 
20.583 -180.409 1218.373 
24.533 -176.995 1218.203 
26.558 -175.980 1220.136 
25.910 -169.666 1213.183 
25.377 -165.292 1208.215 
25.717 -162.156 1205.417 
29.207 -159.762 1201.696 
30.260 -160.221 1203.171 
30.806 -161.075 1203.134 
31.749 -160.033 1203.176 
31.484 -160.079 1202.354 
32.018 -158.777 1200.309 
32.241 -158.111 1200.078 
31.095 -156.904 1200.695 
31.989 -157.786 1199.717 
32.366 -157.432 1198.864 
32.462 -156.899 1196.961 
32.632 -156.557 1195.625 
29.702 -165.468 1184.633 
31.197 -160.445 1188.878 
34.393 -166.517 1205.329 
33.329 -170.929 1213.386 
33.287 -167.118 1208.570 
33.269 -163.805 1205.448 
29.618 -163.311 1205.280 
28.013 -163.561 1206.528 
26.947 -162.513 1205.522 
26.361 -161.856 1205.046 
25.882 -161.188 1204.122 
27.505 -166.444 1212.281 
26.812 -164.477 1208.561 
26.347 -162.485 1205.857 
25.760 -161.559 1205.408 
27.236 -166.697 1212.988 
26.589 -164.933 1210.899 
26.151 -163.492 1210.201 
26.308 -161.320 1208.298 
26.235 -159.882 1207.148 
25.806 -160.330 1207.626 
25.588 -160.970 1209.021 
25.614 -161.692 1210.674 
24.540 -159.377 1207.878 
22.021 -157.448 1205.427 
22.735 -157.073 1206.114 
22.911 -156.793 1205.589 
16.393 -166.740 1178.367 
18.117 -159.264 1187.972 
19.055 -158.103 1193.820 
17.177 -164.358 1205.193 
18.876 -169.730 1211.260 
19.701 -172.636 1214.371 
20.070 -173.752 1215.025 
20.215 -173.995 1214.891 
20.258 -171.355 1212.708 
23.216 -168.885 1211.847 
19.668 -171.643 1199.834 
17.652 -173.132 1193.679 
22.473 -171.338 1203.446 
24.389 -173.235 1207.375 
21.425 -174.196 1198.596 
18.810 -177.194 1190.323 
19.356 -175.118 1197.626 
19.800 -174.283 1200.400 
21.142 -174.830 1201.576 
23.798 -174.144 1203.600 
25.140 -173.932 1204.982 
19.487 -178.969 1180.563 
22.790 -176.475 1190.516 
24.898 -178.067 1197.825 
28.237 -181.714 1201.676 
28.885 -184.633 1203.800 
29.357 -186.667 1205.089 
29.542 -187.447 1204.714 
29.568 -187.701 1204.116 
29.449 -187.888 1204.556 
29.411 -187.697 1203.473 
29.643 -189.139 1203.366 
29.540 -188.459 1202.533 
29.681 -188.988 1202.950 
29.635 -189.719 1204.540 
30.523 -188.597 1205.175 
29.815 -188.319 1204.411 
29.496 -188.032 1203.871 
29.249 -188.038 1203.758 
29.268 -188.270 1204.197 
29.193 -188.174 1203.903 
29.065 -188.065 1203.756 
28.966 -188.009 1203.651 
29.988 -187.108 1203.084 
29.345 -187.249 1202.556 
30.180 -187.414 1203.109 
29.706 -188.633 1203.416 
29.147 -188.479 1203.323 
28.987 -188.267 1204.385 
28.800 -188.043 1203.241 
28.941 -189.051 1202.771 
29.088 -188.470 1203.393 
29.256 -189.818 1203.575 
29.380 -190.617 1204.156 
30.240 -188.770 1202.588 
30.554 -187.277 1200.796 
31.739 -182.623 1197.244 
30.602 -177.065 1193.816 
30.807 -177.385 1192.877 
29.273 -177.914 1191.534 
30.822 -177.306 1192.015 
31.834 -177.119 1193.441 
32.291 -177.903 1195.601 
32.586 -178.409 1196.280 
29.631 -179.702 1192.206 
31.347 -178.103 1191.059 
32.122 -177.086 1189.454 
34.399 -176.590 1189.174 
37.421 -177.390 1191.661 
38.602 -179.845 1175.657 
41.189 -177.055 1160.203 
45.105 -174.060 1140.284 
51.234 -173.439 1132.929 
60.886 -171.594 1137.497 
73.808 -170.618 1133.672 
87.759 -172.055 1136.137 
109.316 -167.800 1134.123 
131.259 -166.024 1132.283 
149.835 -163.993 1135.953 
170.327 -165.449 1143.931 
188.762 -168.769 1155.783 
208.139 -172.735 1167.729 
227.673 -174.725 1178.503 
246.986 -176.485 1189.278 
261.938 -177.201 1201.073 
275.981 -179.646 1212.729 
286.415 -185.127 1221.667 
295.422 -190.273 1230.370 
300.963 -192.407 1236.941 
305.270 -196.219 1241.741 
307.378 -199.027 1244.996 
307.974 -200.013 1246.473 
307.964 -200.703 1246.878 
307.818 -201.617 1245.985 
307.640 -202.052 1244.862 
303.137 -201.710 1245.266 
301.356 -201.337 1244.998 
300.273 -200.944 1243.695 
299.664 -200.056 1242.791 
297.567 -200.440 1242.460 
296.027 -200.612 1242.047 
295.114 -200.704 1241.744 
294.483 -200.630 1240.393 
294.238 -200.479 1239.314 
293.504 -200.214 1238.742 
293.013 -200.003 1238.172 
292.608 -199.816 1237.964 
292.012 -199.587 1237.229 
294.470 -199.402 1235.640 
293.864 -199.425 1235.371 
293.007 -199.452 1235.300 
292.476 -199.461 1234.914 
292.037 -199.465 1234.940 
291.926 -199.499 1234.940 
291.591 -199.485 1235.113 
291.520 -198.883 1234.955 
291.470 -199.142 1235.156 
291.532 -199.341 1235.399 
291.829 -199.211 1234.962 
293.980 -199.062 1233.640 
292.967 -198.261 1232.408 
291.165 -198.586 1230.505 
289.161 -197.700 1227.219 
285.925 -194.135 1221.820 
279.568 -190.684 1215.757 
273.177 -186.745 1207.920 
263.271 -181.845 1201.022 
249.953 -179.148 1193.199 
233.615 -176.243 1184.982 
216.716 -174.335 1177.356 
200.000 -170.789 1166.330 
181.647 -165.067 1155.289 
161.461 -161.021 1148.670 
141.332 -159.328 1138.162 
117.705 -159.719 1132.217 
94.367 -157.983 1128.300 
73.409 -164.160 1130.618 
56.089 -168.112 1130.506 
43.565 -169.720 1133.591 
33.658 -171.027 1124.899 
27.670 -178.374 1122.506 
22.868 -180.100 1130.307 
17.019 -183.489 1123.408 
14.910 -185.480 1122.612 
14.782 -186.673 1120.555 
14.120 -188.833 1125.515 
16.031 -189.672 1122.841 
16.779 -189.203 1119.755 
16.476 -187.980 1123.086 
17.848 -187.632 1122.425 
17.207 -185.855 1120.231 
17.118 -184.486 1120.815 
16.868 -184.182 1123.343 
17.576 -185.327 1124.666 
18.359 -186.630 1123.594 
15.992 -188.704 1120.635 
13.738 -190.806 1122.413 
14.646 -188.062 1121.585 
16.613 -187.640 1120.558 
13.894 -186.808 1119.492 
13.397 -186.281 1134.443 
11.731 -185.113 1137.753 
13.325 -185.970 1129.869 
11.892 -185.538 1126.877 
11.087 -184.006 1127.617 
9.212 -185.101 1127.827 
9.666 -190.026 1132.146 
9.349 -186.114 1131.156 
9.709 -186.404 1134.029 
9.709 -191.447 1133.311 
11.234 -194.759 1132.018 
12.800 -197.411 1129.898 
13.134 -200.320 1122.439 
9.935 -197.288 1128.585 
10.240 -189.277 1124.695 
10.201 -183.239 1117.939 
7.760 -170.997 1116.778 
7.195 -156.742 1120.998 
7.576 -136.533 1121.891 
8.816 -121.381 1120.294 
11.704 -97.140 1117.230 
14.653 -76.195 1118.119 
16.668 -53.225 1121.710 
18.186 -32.290 1126.123 
19.017 -12.517 1131.779 
18.809 5.273 1139.663 
17.771 21.918 1148.181 
14.749 37.852 1158.293 
12.909 48.198 1166.888 
10.399 55.019 1176.188 
10.078 57.938 1181.274 
8.846 59.614 1185.647 
8.247 60.327 1187.851 
9.266 60.717 1187.324 
9.833 60.934 1186.056 
9.234 61.559 1185.526 
8.064 61.404 1184.724 
7.495 61.208 1183.777 
6.302 61.587 1183.363 
6.520 61.084 1180.785 
6.721 60.803 1178.165 
6.865 60.695 1175.808 
7.062 60.334 1173.679 
7.146 60.016 1171.894 
6.218 53.972 1172.147 
6.418 50.019 1172.660 
5.165 47.967 1174.319 
5.410 47.182 1173.622 
5.903 46.212 1171.612 
6.173 45.621 1170.402 
5.674 45.467 1169.487 
5.382 45.531 1168.600 
4.958 42.611 1165.599 
3.887 40.744 1164.549 
4.192 38.459 1162.121 
5.330 34.264 1158.985 
5.846 31.519 1156.633 
5.226 27.405 1153.917 
5.895 21.003 1150.091 
7.091 13.338 1144.343 
7.144 2.273 1139.726 
8.368 -11.781 1133.336 
9.112 -27.438 1127.502 
10.230 -44.967 1121.218 
11.071 -63.037 1116.557 
10.194 -83.377 1115.346 
11.681 -98.902 1110.445 
15.667 -117.184 1103.297 
18.550 -135.581 1098.810 
19.091 -152.958 1097.865 
21.224 -168.536 1100.251 
22.792 -181.965 1102.817 
24.439 -195.374 1098.572 
24.983 -206.141 1099.436 
26.531 -210.268 1102.330 
26.981 -211.969 1105.519 
27.277 -213.761 1108.065 
27.673 -215.180 1110.101 
27.394 -216.292 1111.154 
27.042 -215.319 1111.618 
28.407 -216.308 1109.330 
29.730 -216.960 1106.824 
27.098 -214.118 1108.831 
26.571 -213.454 1110.123 
25.505 -213.068 1111.928 
25.087 -211.891 1111.881 
24.806 -211.357 1111.848 
24.565 -211.854 1112.241 
24.446 -211.721 1111.244 
24.771 -211.542 1108.770 
24.456 -212.659 1109.721 
24.289 -213.695 1111.346 
25.031 -213.716 1111.703 
25.019 -214.242 1111.820 
24.941 -214.565 1112.161 
24.847 -213.622 1112.186 
25.689 -212.205 1108.875 
25.297 -212.876 1107.568 
25.368 -212.476 1109.223 
26.404 -213.071 1109.478 
25.759 -213.787 1108.940 
26.409 -214.978 1108.014 
27.468 -213.584 1106.349 
27.304 -214.283 1107.860 
27.693 -214.120 1108.321 
27.624 -213.409 1108.192 
27.547 -212.502 1107.581 
26.018 -213.330 1104.492 
25.548 -211.871 1102.679 
25.096 -205.071 1105.359 
23.404 -195.487 1103.593 
22.015 -183.526 1106.682 
22.293 -170.068 1102.949 
22.933 -153.742 1099.674 
21.665 -136.052 1102.549 
21.890 -118.564 1104.514 
21.700 -100.861 1108.106 
21.360 -80.967 1112.679 
22.748 -63.312 1115.545 
21.766 -44.960 1122.488 
21.978 -26.045 1129.287 
21.413 -11.344 1136.194 
21.800 1.204 1144.008 
21.795 14.898 1152.120 
21.738 25.838 1160.392 
20.741 33.926 1169.048 
20.155 41.549 1175.872 
20.167 45.397 1180.054 
18.326 47.539 1185.302 
18.432 48.675 1186.484 
15.962 51.171 1190.325 
14.713 52.450 1191.095 
15.401 53.144 1188.503 
13.758 49.048 1187.846 
12.584 45.486 1187.451 
11.739 43.227 1186.574 
10.660 42.229 1186.439 
10.334 42.835 1185.108 
9.065 43.589 1183.773 
8.571 44.359 1182.479 
8.227 44.448 1181.520 
8.537 42.545 1180.877 
8.655 41.161 1180.173 
9.564 40.222 1177.971 
10.811 40.796 1175.460 
11.800 39.303 1172.036 
12.327 38.387 1170.428 
13.894 39.268 1168.262 
12.459 39.094 1169.474 
11.707 38.338 1169.507 
12.229 37.743 1169.314 
12.549 37.814 1169.177 
11.672 37.614 1169.962 
11.228 37.378 1169.916 
11.421 33.808 1167.881 
10.099 31.321 1166.219 
9.949 28.902 1160.574 
10.054 22.381 1153.428 
12.266 14.981 1143.207 
12.195 2.656 1134.875 
12.635 -13.048 1126.926 
12.109 -34.157 1119.901 
10.713 -54.611 1112.499 
9.236 -76.405 1107.347 
10.731 -91.136 1103.479 
11.693 -111.999 1094.990 
14.500 -127.352 1088.403 
18.002 -146.305 1084.098 
20.878 -164.794 1085.746 
21.593 -179.434 1087.532 
22.087 -194.226 1087.798 
23.145 -202.602 1090.755 
23.737 -209.649 1095.917 
23.650 -213.561 1099.256 
23.982 -215.521 1101.809 
24.341 -217.048 1103.909 
25.387 -216.654 1099.776 
26.406 -217.612 1098.028 
25.756 -216.762 1097.847 
25.600 -218.025 1100.877 
25.485 -218.817 1103.251 
25.913 -216.982 1101.576 
25.969 -217.451 1099.242 
24.717 -218.092 1102.886 
23.800 -218.483 1105.830 
23.693 -218.191 1106.491 
23.308 -218.391 1105.584 
22.540 -217.227 1104.668 
20.975 -219.194 1102.565 
21.578 -223.345 1103.589 
21.972 -223.542 1106.367 
20.311 -224.433 1103.499 
20.034 -223.614 1102.414 
20.922 -221.686 1101.564 
20.228 -223.287 1099.162 
19.546 -224.725 1097.475 
19.803 -226.720 1094.591 
19.612 -227.395 1094.786 
19.977 -227.620 1095.301 
20.804 -227.599 1095.183 
21.915 -228.938 1094.935 
22.515 -229.622 1094.841 
21.577 -226.509 1099.693 
22.663 -224.723 1102.097 
20.976 -225.167 1101.692 
21.865 -227.556 1100.888 
23.157 -228.678 1100.002 
23.271 -229.360 1097.178 
23.745 -229.590 1097.302 
23.554 -230.136 1098.274 
24.411 -228.866 1099.089 
24.749 -228.224 1099.322 
24.051 -229.436 1100.512 
23.786 -230.030 1100.854 
23.523 -230.338 1100.068 
23.626 -229.353 1099.777 
24.431 -228.060 1098.751 
24.391 -229.046 1097.708 
23.874 -230.306 1098.974 
23.831 -230.752 1099.719 
23.497 -230.743 1099.913 
23.947 -230.396 1099.266 
23.735 -230.658 1099.919 
23.506 -230.728 1100.016 
22.204 -229.911 1100.896 
23.579 -228.729 1100.062 
24.379 -228.343 1099.508 
24.247 -228.338 1099.408 
24.449 -228.371 1100.021 
23.745 -229.514 1099.875 
23.932 -230.005 1099.344 
23.424 -230.794 1100.729 
23.953 -230.786 1100.725 
24.571 -229.192 1099.907 
24.070 -230.389 1100.329 
23.701 -230.597 1100.256 
22.939 -229.455 1100.194 
23.539 -229.830 1097.229 
23.960 -224.570 1100.183 
25.707 -221.366 1101.791 
28.017 -219.527 1099.455 
33.400 -215.412 1100.354 
40.182 -213.414 1101.230 
51.770 -209.054 1101.822 
65.336 -203.015 1105.977 
81.929 -198.797 1110.165 
105.416 -199.816 1110.082 
130.881 -195.953 1113.619 
152.031 -192.803 1122.802 
172.605 -191.128 1133.319 
189.322 -190.738 1147.103 
207.269 -192.714 1158.703 
227.583 -195.257 1170.278 
245.506 -199.746 1182.408 
262.151 -202.540 1194.940 
275.338 -206.845 1206.152 
286.449 -210.339 1217.255 
296.414 -213.055 1226.752 
302.597 -213.986 1236.009 
306.665 -214.947 1244.327 
310.847 -216.446 1249.946 
313.902 -216.966 1254.614 
315.617 -217.844 1257.425 
316.482 -218.353 1259.192 
316.945 -218.573 1260.179 
316.754 -218.648 1260.177 
316.594 -218.650 1259.846 
316.927 -218.113 1259.384 
316.374 -218.476 1258.667 
315.651 -219.015 1258.551 
313.503 -218.943 1258.386 
311.682 -220.037 1257.242 
310.551 -220.626 1256.592 
309.715 -220.797 1255.549 
309.251 -220.812 1254.707 
309.188 -220.468 1253.952 
306.624 -219.806 1253.432 
305.157 -219.658 1252.344 
304.513 -219.634 1251.976 
304.156 -219.504 1251.341 
303.919 -219.534 1251.456 
302.292 -219.615 1251.877 
301.017 -219.498 1252.713 
301.394 -219.382 1252.871 
302.091 -219.306 1252.807 
302.647 -219.155 1252.691 
302.760 -219.108 1252.466 
302.794 -219.107 1252.351 
303.201 -219.232 1251.575 
303.215 -219.310 1250.666 
303.500 -219.736 1249.484 
303.211 -219.468 1248.822 
304.343 -220.903 1247.146 
305.004 -221.665 1246.016 
305.777 -222.440 1244.448 
305.838 -222.355 1244.032 
305.558 -222.305 1243.813 
305.405 -222.199 1243.229 
305.226 -222.012 1242.247 
304.916 -221.635 1241.563 
304.480 -221.217 1239.945 
303.562 -220.468 1238.509 
302.427 -219.747 1235.735 
298.561 -218.982 1232.841 
293.441 -218.289 1227.962 
285.943 -217.168 1222.460 
276.845 -215.679 1215.158 
266.639 -213.383 1206.565 
254.937 -212.833 1196.085 
239.066 -213.090 1185.501 
220.440 -212.271 1173.560 
202.763 -210.793 1159.477 
184.372 -209.628 1147.607 
165.993 -211.172 1136.730 
143.893 -211.943 1126.593 
120.227 -211.783 1122.254 
98.525 -213.013 1117.264 
77.564 -210.412 1112.686 
61.328 -212.854 1109.826 
46.090 -214.943 1107.637 
35.224 -215.306 1105.549 
24.970 -218.409 1108.430 
18.867 -216.110 1102.668 
13.700 -218.542 1094.631 
10.155 -220.725 1092.930 
6.680 -220.235 1090.027 
6.638 -221.333 1087.913 
6.443 -221.575 1086.191 
6.390 -221.544 1084.457 
5.667 -220.940 1085.515 
6.291 -220.068 1084.024 
6.371 -221.203 1085.017 
6.513 -221.734 1086.200 
6.751 -221.618 1086.709 
6.894 -221.475 1087.134 
6.912 -221.624 1088.079 
6.601 -221.541 1088.459 
6.622 -221.612 1088.088 
6.734 -221.677 1087.570 
6.837 -221.634 1087.221 
6.673 -221.651 1086.578 
6.883 -223.294 1086.903 
8.686 -214.544 1118.816 
9.978 -213.802 1137.375 
10.854 -213.714 1146.633 
11.407 -213.743 1150.745 
11.660 -213.770 1153.497 
8.363 -218.127 1130.542 
6.319 -220.875 1115.264 
4.520 -221.322 1107.124 
4.148 -222.596 1101.150 
7.430 -216.540 1127.705 
6.138 -219.436 1117.343 
8.760 -215.559 1136.054 
10.418 -214.516 1146.108 
11.344 -214.146 1151.134 
11.702 -213.861 1153.383 
11.896 -213.801 1154.837 
9.537 -219.471 1134.417 
7.436 -219.260 1114.528 
5.890 -219.255 1103.042 
4.126 -218.791 1096.398 
3.242 -218.719 1092.886 
3.093 -218.766 1090.570 
2.985 -220.656 1093.056 
2.789 -221.465 1096.129 
2.738 -221.704 1097.718 
6.541 -216.072 1126.057 
6.144 -213.120 1138.104 
5.814 -211.556 1143.659 
4.723 -215.907 1125.830 
8.028 -213.489 1140.406 
6.705 -217.969 1124.429 
5.207 -218.091 1108.816 
5.560 -219.755 1097.990 
5.128 -219.755 1094.772 
7.167 -220.663 1094.077 
14.166 -218.073 1095.376 
20.280 -215.074 1103.353 
32.621 -214.857 1106.726 
47.597 -212.934 1108.289 
64.369 -212.230 1113.973 
86.298 -211.502 1117.103 
111.083 -209.901 1122.181 
135.038 -208.212 1129.721 
157.621 -211.033 1137.366 
178.156 -214.074 1148.250 
197.279 -217.457 1161.366 
214.900 -222.086 1173.884 
229.818 -224.932 1186.591 
242.287 -228.397 1199.631 
254.111 -229.709 1212.114 
0.000 0.000 0.000 
0.000 0.000 0.000 
0.000 0.000 0.000 
0.000 0.000 0.000 
0.000 0.000 0.000 
0.000 0.000 0.000 
0.000 0.000 0.000 
0.000 0.000 0.000 
0.000 0.000 0.000 
0.000 0.000 0.000 
0.000 0.000 0.000 
0.000 0.000 0.000 
0.000 0.000 0.000 
0.000 0.000 0.000 
0.000 0.000 0.000 
0.000 0.000 0.000 
0.000 0.000 0.000 
0.000 0.000 0.000 
0.000 0.000 0.000 
0.000 0.000 0.000 
0.000 0.000 0.000 
0.000 0.000 0.000 
0.000 0.000 0.000 
0.000 0.000 0.000 
0.000 0.000 0.000 
0.000 0.000 0.000 
0.000 0.000 0.000 
0.000 0.000 0.000 
0.000 0.000 0.000 
0.000 0.000 0.000 
0.000 0.000 0.000 
0.000 0.000 0.000 
0.000 0.000 0.000 
0.000 0.000 0.000 
0.000 0.000 0.000 
0.000 0.000 0.000 
0.000 0.000 0.000 
0.000 0.000 0.000 
0.000 0.000 0.000 
0.000 0.000 0.000 
0.000 0.000 0.000 
0.000 0.000 0.000 
0.000 0.000 0.000 
0.000 0.000 0.000 
0.000 0.000 0.000 
0.000 0.000 0.000 
0.000 0.000 0.000 
0.000 0.000 0.000 
0.000 0.000 0.000 
0.000 0.000 0.000 
0.000 0.000 0.000 
0.000 0.000 0.000 
0.000 0.000 0.000 
0.000 0.000 0.000 
0.000 0.000 0.000 
0.000 0.000 0.000 
0.000 0.000 0.000 
0.000 0.000 0.000 
0.000 0.000 0.000 
0.000 0.000 0.000 
0.000 0.000 0.000 
0.000 0.000 0.000 
0.000 0.000 0.000 
0.000 0.000 0.000 
0.000 0.000 0.000 
0.000 0.000 0.000 
0.000 0.000 0.000 
0.000 0.000 0.000 
0.000 0.000 0.000 
0.000 0.000 0.000 
0.000 0.000 0.000 
0.000 0.000 0.000 
0.000 0.000 0.000 
0.000 0.000 0.000 
0.000 0.000 0.000 
0.000 0.000 0.000 
0.000 0.000 0.000 
0.000 0.000 0.000 
0.000 0.000 0.000 
0.000 0.000 0.000 
0.000 0.000 0.000 
0.000 0.000 0.000 
0.000 0.000 0.000 
0.000 0.000 0.000 
0.000 0.000 0.000 
0.000 0.000 0.000 
0.000 0.000 0.000 
0.000 0.000 0.000 
0.000 0.000 0.000 
0.000 0.000 0.000 
0.000 0.000 0.000 
0.000 0.000 0.000 
0.000 0.000 0.000 
0.000 0.000 0.000 
0.000 0.000 0.000 
0.000 0.000 0.000 
0.000 0.000 0.000 
0.000 0.000 0.000 
0.000 0.000 0.000 
0.000 0.000 0.000 
0.000 0.000 0.000 
0.000 0.000 0.000 
0.000 0.000 0.000 
0.000 0.000 0.000 
0.000 0.000 0.000 
0.000 0.000 0.000 
0.000 0.000 0.000 
0.000 0.000 0.000 
0.000 0.000 0.000 
0.000 0.000 0.000 
0.000 0.000 0.000 
0.000 0.000 0.000 
0.000 0.000 0.000 
0.000 0.000 0.000 
0.000 0.000 0.000 
0.000 0.000 0.000 
0.000 0.000 0.000 
0.000 0.000 0.000 
0.000 0.000 0.000 
0.000 0.000 0.000 
0.000 0.000 0.000 
0.000 0.000 0.000 
0.000 0.000 0.000 
0.000 0.000 0.000 
0.000 0.000 0.000 
0.000 0.000 0.000 
0.000 0.000 0.000 
0.000 0.000 0.000 
0.000 0.000 0.000 
0.000 0.000 0.000 
0.000 0.000 0.000 
0.000 0.000 0.000 
0.000 0.000 0.000 
0.000 0.000 0.000 
0.000 0.000 0.000 
0.000 0.000 0.000 
0.000 0.000 0.000 
0.000 0.000 0.000 
0.000 0.000 0.000 
0.000 0.000 0.000 
0.000 0.000 0.000 
0.000 0.000 0.000 
0.000 0.000 0.000 
0.000 0.000 0.000 
0.000 0.000 0.000 
0.000 0.000 0.000 
0.000 0.000 0.000 
0.000 0.000 0.000 
0.000 0.000 0.000 
0.000 0.000 0.000 
0.000 0.000 0.000 
0.000 0.000 0.000 
0.000 0.000 0.000 
0.000 0.000 0.000 
0.000 0.000 0.000 
0.000 0.000 0.000 
0.000 0.000 0.000 
0.000 0.000 0.000 
0.000 0.000 0.000 
0.000 0.000 0.000 
0.000 0.000 0.000 
0.000 0.000 0.000 
0.000 0.000 0.000 
0.000 0.000 0.000 
0.000 0.000 0.000 
0.000 0.000 0.000 
0.000 0.000 0.000 
0.000 0.000 0.000 
0.000 0.000 0.000 
0.000 0.000 0.000 
0.000 0.000 0.000 
0.000 0.000 0.000 
0.000 0.000 0.000 
0.000 0.000 0.000 
0.000 0.000 0.000 
0.000 0.000 0.000 
0.000 0.000 0.000 
0.000 0.000 0.000 
0.000 0.000 0.000 
0.000 0.000 0.000 
0.000 0.000 0.000 
0.000 0.000 0.000 
0.000 0.000 0.000 
0.000 0.000 0.000 
0.000 0.000 0.000 
0.000 0.000 0.000 
0.000 0.000 0.000 
0.000 0.000 0.000 
0.000 0.000 0.000 
0.000 0.000 0.000 
0.000 0.000 0.000 
0.000 0.000 0.000 
0.000 0.000 0.000 
0.000 0.000 0.000 
0.000 0.000 0.000 
0.000 0.000 0.000 
0.000 0.000 0.000 
0.000 0.000 0.000 
0.000 0.000 0.000 
0.000 0.000 0.000 
0.000 0.000 0.000 
0.000 0.000 0.000 
0.000 0.000 0.000 
0.000 0.000 0.000 
0.000 0.000 0.000 
0.000 0.000 0.000 
0.000 0.000 0.000 
0.000 0.000 0.000 
0.000 0.000 0.000 
0.000 0.000 0.000 
0.000 0.000 0.000 
0.000 0.000 0.000 
0.000 0.000 0.000 
0.000 0.000 0.000 
0.000 0.000 0.000 
0.000 0.000 0.000 
0.000 0.000 0.000 
0.000 0.000 0.000 
0.000 0.000 0.000 
0.000 0.000 0.000 
0.000 0.000 0.000 
0.000 0.000 0.000 
0.000 0.000 0.000 
0.000 0.000 0.000 
0.000 0.000 0.000 
0.000 0.000 0.000 
0.000 0.000 0.000 
0.000 0.000 0.000 
0.000 0.000 0.000 
0.000 0.000 0.000 
0.000 0.000 0.000 
0.000 0.000 0.000 
0.000 0.000 0.000 
0.000 0.000 0.000 
0.000 0.000 0.000 
0.000 0.000 0.000 
0.000 0.000 0.000 
0.000 0.000 0.000 
0.000 0.000 0.000 
0.000 0.000 0.000 
0.000 0.000 0.000 
0.000 0.000 0.000 
0.000 0.000 0.000 
0.000 0.000 0.000 
0.000 0.000 0.000 
0.000 0.000 0.000 
0.000 0.000 0.000 
0.000 0.000 0.000 
0.000 0.000 0.000 
0.000 0.000 0.000 
0.000 0.000 0.000 
0.000 0.000 0.000 
0.000 0.000 0.000 
0.000 0.000 0.000 
0.000 0.000 0.000 
0.000 0.000 0.000 
0.000 0.000 0.000 
0.000 0.000 0.000 
0.000 0.000 0.000 
0.000 0.000 0.000 
0.000 0.000 0.000 
0.000 0.000 0.000 
0.000 0.000 0.000 
0.000 0.000 0.000 
0.000 0.000 0.000 
0.000 0.000 0.000 
0.000 0.000 0.000 
0.000 0.000 0.000 
0.000 0.000 0.000 
0.000 0.000 0.000 
0.000 0.000 0.000 
0.000 0.000 0.000 
0.000 0.000 0.000 
0.000 0.000 0.000 
0.000 0.000 0.000 
0.000 0.000 0.000 
0.000 0.000 0.000 
0.000 0.000 0.000 
0.000 0.000 0.000 
0.000 0.000 0.000 
0.000 0.000 0.000 
0.000 0.000 0.000 
0.000 0.000 0.000 
0.000 0.000 0.000 
0.000 0.000 0.000 
0.000 0.000 0.000 
0.000 0.000 0.000 
0.000 0.000 0.000 
0.000 0.000 0.000 
0.000 0.000 0.000 
0.000 0.000 0.000 
0.000 0.000 0.000 
0.000 0.000 0.000 
0.000 0.000 0.000 
0.000 0.000 0.000 
0.000 0.000 0.000 
0.000 0.000 0.000 
0.000 0.000 0.000 
0.000 0.000 0.000 
0.000 0.000 0.000 
0.000 0.000 0.000 
0.000 0.000 0.000 
0.000 0.000 0.000 
0.000 0.000 0.000 
0.000 0.000 0.000 
0.000 0.000 0.000 
0.000 0.000 0.000 
0.000 0.000 0.000 
0.000 0.000 0.000 
0.000 0.000 0.000 
0.000 0.000 0.000 
0.000 0.000 0.000 
0.000 0.000 0.000 
0.000 0.000 0.000 
0.000 0.000 0.000 
0.000 0.000 0.000 
0.000 0.000 0.000 
0.000 0.000 0.000 
0.000 0.000 0.000 
0.000 0.000 0.000 
0.000 0.000 0.000 
0.000 0.000 0.000 
0.000 0.000 0.000 
0.000 0.000 0.000 
0.000 0.000 0.000 
0.000 0.000 0.000 
0.000 0.000 0.000 
0.000 0.000 0.000 
0.000 0.000 0.000 
0.000 0.000 0.000 
0.000 0.000 0.000 
0.000 0.000 0.000 
0.000 0.000 0.000 
0.000 0.000 0.000 
0.000 0.000 0.000 
0.000 0.000 0.000 
0.000 0.000 0.000 
0.000 0.000 0.000 
0.000 0.000 0.000 
0.000 0.000 0.000 
0.000 0.000 0.000 
0.000 0.000 0.000 
0.000 0.000 0.000 
0.000 0.000 0.000 
0.000 0.000 0.000 
0.000 0.000 0.000 
0.000 0.000 0.000 
0.000 0.000 0.000 
0.000 0.000 0.000 
0.000 0.000 0.000 
0.000 0.000 0.000 
0.000 0.000 0.000 
0.000 0.000 0.000 
0.000 0.000 0.000 
0.000 0.000 0.000 
